Random waveform, supplied seed
Total number of intervals = 252 (6927, 52892, 98921, 61129, 40613, 53226, 38560, 103465, 104758, 94759, 37799, 8296, 69443, 12517, 43591, 20430, 93758, 10485, 16518, 83230, 5484, 55611, 20774, 96726, 32442, 73039, 74055, 51197, 59442, 35654, 78747, 42212, 52488, 36950, 16762, 79473, 61431, 87172, 108181, 80515, 37149, 13444, 72057, 70041, 90162, 52082, 24258, 72013, 58012, 45398, 50177, 34504, 66010, 73937, 55020, 53235, 97743, 5419, 14764, 7451, 48208, 16149, 78989, 18886, 75954, 44409, 16431, 85707, 58253, 103867, 21604, 90401, 84467, 99700, 32052, 18173, 67789, 51929, 83850, 18614, 29315, 108090, 27024, 49907, 9150, 34328, 51881, 14569, 81517, 78694, 93409, 39093, 18729, 70818, 21942, 91810, 39588, 40957, 62645, 15539, 107672, 32954, 58866, 23739, 54701, 60706, 72350, 58661, 34912, 103268, 38703, 83358, 57408, 86837, 33517, 66204, 73758, 99742, 109462, 94453, 44096, 100467, 8576, 59359, 7614, 60329, 43762, 67038, 26095, 71173, 109276, 13150, 61250, 84472, 82226, 27671, 98736, 106314, 105027, 96867, 89493, 50538, 22083, 48618, 94298, 63579, 64573, 77178, 29824, 64495, 20917, 85651, 61935, 50216, 72251, 71798, 19701, 24952, 81838, 26648, 24837, 29420, 103882, 70314, 61679, 49557, 19325, 9128, 94933, 24327, 71896, 93771, 20452, 42338, 72627, 80603, 49049, 92305, 56889, 78036, 71583, 72609, 107382, 86530, 16550, 84534, 72631, 49291, 62175, 80213, 16566, 53985, 101949, 24076, 52574, 106271, 105451, 86087, 29108, 101115, 74326, 75832, 94901, 15809, 28874, 51882, 32653, 41676, 63019, 99164, 47055, 62394, 98519, 32122, 49464, 24034, 77363, 91698, 38997, 86028, 83012, 15024, 56640, 97362, 107412, 65030, 79278, 47544, 105368, 58181, 56960, 14849, 63672, 48289, 11797, 10781, 49362, 102119, 46213, 97025, 18351, 21426, 43013, 67376, 36043, 6255, 102499, 26263, 56974, 40869, 46514, 11431)
Average QPS expected = 57290
Timestamp start: 1778166257186
Timestamp end: 1778167517537

#type       avg     std     min      p5     p10     p50     p67     p75     p80     p85     p90     p95     p99    p999   p9999      QPS   target
read      241.0   117.0    93.8   151.7   164.1   228.6   256.8   272.4   284.5   297.6   316.8   347.3   437.7  1781.6  3668.9   6896.6     6927
read      337.5   285.1    80.4   135.1   151.1   282.2   350.3   395.2   431.6   481.9   554.1   671.8  1272.6  3751.7  7573.9  52756.2    52892
read      300.8   344.9    80.4   134.2   149.2   249.0   302.7   333.4   356.1   383.8   421.8   494.0  1586.0  4384.4  7899.8  99019.4    98921
read      258.8   104.7    80.4   131.1   145.1   246.1   298.7   324.6   342.8   363.8   389.5   427.4   507.5   678.2  1728.8  61078.8    61129
read      335.1   260.6    80.4   141.4   158.3   284.5   342.2   379.0   410.4   459.4   550.8   706.1  1171.7  3483.1  7266.8  40618.0    40613
read      387.3   268.4    80.4   140.4   159.3   318.8   424.3   494.2   545.4   603.4   681.5   823.3  1285.8  2211.3  7048.4  53210.8    53226
read      330.2   221.2    86.8   135.3   152.8   305.7   379.5   418.7   446.2   478.7   522.8   581.6   718.7  2527.2  8058.8  38533.2    38560
read      906.9  1173.5    93.8   199.1   226.5   400.2   525.4   689.7  1422.9  2047.1  2775.7  3386.2  5311.0  7999.0  9562.1 103319.2   103465
read      469.2   302.0    93.8   234.4   266.4   432.2   514.8   561.1   594.5   635.4   688.2   772.4   963.7  5242.6  8080.7 104905.8   104758
read      301.0   173.4    86.8   145.1   163.1   274.2   328.5   360.4   385.0   416.6   462.2   543.5   727.9  1558.0  5739.1  94673.0    94759
read      318.8   317.8    80.4   137.6   153.2   277.1   328.8   359.5   383.8   416.1   462.3   553.3  1355.4  4657.4  8104.8  37815.8    37799
read      247.9   113.6    93.8   150.1   163.1   234.0   265.6   283.1   295.6   312.1   333.3   369.2   490.4  1640.7  3143.1   8232.4     8296
read      510.2   807.8    80.4   139.9   157.9   286.3   349.4   389.9   424.8   484.0   729.5  2472.9  4123.8  7690.8  8729.2  69002.0    69443
read      268.3   125.8    93.8   151.3   167.5   255.2   290.0   309.5   323.2   340.4   363.7   403.1   632.1  1621.6  2922.5  12633.8    12517
read      389.4   620.8    86.8   136.8   153.3   288.6   356.4   396.6   427.9   468.6   535.4   673.0  2911.1  8916.8 12496.6  43549.2    43591
read      297.5   202.6    86.8   145.5   163.8   274.9   318.6   343.7   362.4   384.5   414.7   466.1   914.8  2718.0  7274.5  20564.0    20430
read      604.8   836.2    86.8   170.6   200.2   359.5   449.0   516.0   575.8   671.1  1312.9  2430.5  4218.2  7806.9 12133.4  93635.6    93758
read      269.0   194.1    93.8   155.7   173.8   252.6   284.7   302.8   316.3   333.5   356.1   394.5   590.6  2105.7  8609.9  10554.0    10485
read      311.1   341.3    86.8   148.7   167.5   279.6   323.5   347.9   366.3   388.4   418.5   473.4  1051.3  4016.6 12334.5  16582.4    16518
read      480.6   730.5    86.8   140.2   159.2   288.6   354.6   396.7   432.6   487.8   624.7  1832.4  3839.0  7521.5  9099.5  82976.8    83230
read      248.1   124.5    93.8   157.4   169.8   231.5   260.3   276.1   289.5   305.1   325.6   363.3   582.9  1638.5  3048.7   5532.4     5484
read      361.6   464.1    80.4   134.3   151.1   280.1   344.7   384.7   416.6   461.5   539.9   704.4  2362.2  6617.1 12935.6  55503.4    55611
read      330.4   335.9    86.8   144.6   164.5   290.6   342.4   371.1   392.3   418.4   454.9   525.6  1382.3  5070.6  8049.2  20739.0    20774
read      486.3   707.7    86.8   152.8   176.2   315.1   386.6   434.7   475.3   532.6   629.9  1647.3  3756.7  7625.6 10360.8  96948.8    96726
read      323.6   246.9    80.4   139.4   157.7   291.0   348.4   383.5   409.1   439.5   482.0   554.5  1019.7  3509.3  7372.8  32441.8    32442
read      333.9   454.8    80.4   132.8   148.5   259.1   315.2   345.5   368.4   396.7   435.4   528.8  2828.4  5729.1  8496.9  72948.8    73039
read      265.3   121.9    80.4   130.7   145.4   247.4   300.9   329.4   349.4   372.9   403.2   452.5   579.7   983.0  2638.7  74188.6    74055
read      324.2   264.9    80.4   135.5   152.2   281.2   342.5   379.3   408.3   446.9   506.5   610.0  1128.8  3473.7  7639.3  51108.2    51197
read      275.3   121.8    80.4   134.4   150.0   260.6   314.3   341.9   361.9   384.9   414.3   460.7   583.0  1141.7  3166.4  59298.0    59442
read      313.1   151.9    80.4   136.5   155.5   297.7   358.1   390.9   414.6   442.4   481.2   542.9   680.7  1376.3  3194.8  35560.2    35654
read      367.0   519.9    74.4   135.4   152.0   266.7   325.0   359.7   386.1   420.5   475.3   672.5  2999.1  6290.5  9207.4  78576.6    78747
read      319.1   208.5    80.4   141.0   158.5   287.8   344.9   378.4   403.5   436.3   490.0   590.2   905.8  2746.9  4997.1  42167.2    42212
read      328.5   245.2    86.8   137.7   154.2   282.0   344.8   382.8   412.5   454.8   529.8   666.2  1122.7  3171.4  5454.8  52474.6    52488
read      321.3   202.7    86.8   141.2   158.9   292.6   352.2   388.3   415.6   449.8   500.4   578.3   790.3  2741.1  5354.5  37012.6    36950
read      294.9   144.5    86.8   149.8   167.9   282.2   326.5   350.7   368.2   389.2   416.4   461.7   616.3  1922.2  3450.1  16942.2    16762
read      459.7   727.9    80.4   139.2   156.7   280.7   343.4   382.3   414.1   461.6   552.8  1755.8  3916.6  7609.6  9014.6  79584.2    79473
read      262.9   103.9    80.4   133.2   147.5   250.1   303.3   329.9   347.7   368.8   394.6   432.3   517.7   720.8  1919.9  61298.6    61431
read      260.5   112.5    80.4   132.6   147.0   241.0   293.2   321.5   342.2   366.0   395.7   440.9   562.1  1031.3  2462.7  87195.2    87172
read      272.4   171.6    86.8   138.4   153.7   250.1   298.6   326.2   346.1   370.5   401.5   454.2   610.5  2146.0  7236.9 108087.2   108181
read      256.2   106.2    80.4   130.4   144.1   237.5   290.7   318.9   339.0   362.1   390.8   433.0   537.0   940.7  1934.0  80349.6    80515
read      299.1   147.8    80.4   140.4   157.0   279.4   331.2   361.2   383.9   411.9   453.7   532.8   708.7  1714.2  2963.1  37212.0    37149
read      285.3   143.9    93.8   156.6   174.4   272.7   312.0   333.4   348.0   367.9   392.8   432.5   577.0  1733.9  4864.8  13391.0    13444
read      475.3   741.1    80.4   139.4   157.0   286.8   350.4   390.3   424.5   478.8   603.6  1858.4  3919.8  7611.0  9002.1  72122.4    72057
read      262.4   103.7    86.8   132.9   147.2   246.3   300.7   329.1   348.2   370.6   398.3   437.9   534.8   766.3  1723.8  70158.8    70041
read      263.2   124.1    86.8   133.9   148.7   243.1   294.1   322.3   342.9   367.0   396.9   442.9   570.1  1369.7  2877.8  90221.0    90162
read      300.2   188.8    80.4   138.8   154.2   271.7   327.8   358.8   381.9   411.4   456.2   553.7   825.0  2555.7  5294.6  51964.8    52082
read      318.4   225.8    86.8   147.6   166.2   294.8   347.4   376.6   398.4   424.6   458.7   516.9   784.8  3333.5  7315.8  24369.8    24258
read      445.1   696.4    80.4   137.8   154.4   279.1   340.5   377.5   407.8   453.7   546.7  1633.3  3773.1  7612.7  9440.1  71975.8    72013
read      263.1   115.1    80.4   133.1   147.5   250.5   303.5   329.4   346.6   367.5   393.4   431.7   514.9   729.7  3361.1  58018.2    58012
read      307.6   180.9    86.8   137.7   153.5   279.6   337.5   370.9   397.6   431.9   484.1   572.8   797.7  2150.3  3881.5  45343.6    45398
read      298.5   172.9    86.8   134.6   150.0   271.6   327.8   360.6   385.7   418.3   467.9   565.4   807.0  1793.9  4742.9  50245.8    50177
read      308.3   183.4    80.4   139.9   156.4   284.6   341.4   373.0   397.1   426.5   465.7   536.0   734.1  2562.1  4197.5  34589.4    34504
read      279.2   149.1    80.4   133.4   148.2   254.1   310.5   340.6   362.7   389.4   426.1   498.8   724.3  1635.2  4015.9  65906.8    66010
read      256.7   103.5    80.4   129.9   143.6   239.4   294.2   322.4   341.8   364.3   391.8   432.0   526.5   767.3  1576.7  74088.6    73937
read      262.4    98.3    80.4   133.5   148.0   253.2   303.7   327.6   344.2   364.0   388.7   427.2   510.0   685.3  1769.2  55014.8    55020
read      276.7   121.7    80.4   133.3   147.6   260.7   314.8   343.5   365.2   391.3   425.6   484.7   612.4  1012.2  2211.0  53236.8    53235
read      294.8   292.1    80.4   134.4   149.4   248.6   300.9   331.0   352.9   379.4   415.6   485.4  1554.2  3649.6  7834.2  97669.6    97743
read      239.1   144.6   101.3   155.5   167.1   223.6   249.5   264.9   275.5   290.5   310.2   342.3   465.6  1852.9  4498.4   5425.4     5419
read      283.4   120.3    86.8   151.6   169.1   271.6   312.2   335.0   351.5   371.2   397.7   436.8   581.7  1482.1  3138.2  14785.0    14764
read      249.1   100.6    93.8   155.2   168.6   237.9   268.2   285.3   296.9   312.8   333.3   367.3   467.6  1211.1  3847.6   7485.6     7451
read      330.9   243.6    80.4   137.1   153.7   286.9   353.2   395.2   429.5   476.1   544.3   641.8   982.2  3188.9  7374.5  48373.2    48208
read      288.2   128.0    86.8   150.2   168.2   277.8   320.8   344.2   361.6   381.3   406.4   450.0   568.5  1484.5  4732.1  16193.4    16149
read      494.5   768.0    86.8   141.0   159.9   292.1   359.1   403.6   443.7   503.8   630.0  2031.5  3939.9  7716.6 11752.3  79003.4    78989
read      311.9   180.4    86.8   153.6   174.0   294.3   344.3   371.9   392.8   417.4   449.8   503.6   645.9  2259.9  6425.1  18902.4    18886
read      453.4   695.3    80.4   138.2   156.0   285.9   349.7   390.1   423.6   472.5   578.2  1648.7  3818.2  7346.1  8137.1  76077.2    75954
read      318.6   219.5    80.4   140.2   157.5   285.9   344.2   378.5   404.2   438.3   496.2   599.3   886.9  2813.6  6314.6  44406.0    44409
read      289.4   132.6    86.8   151.7   170.1   276.3   318.1   341.8   359.2   379.1   405.3   451.3   613.4  1798.3  2903.8  16416.6    16431
read      449.3   696.0    80.4   139.4   157.1   284.2   346.7   387.4   421.4   471.0   565.4  1583.6  3778.7  7473.5  8129.7  85813.2    85707
read      264.8   106.3    80.4   134.5   149.1   253.2   304.9   330.7   348.1   369.0   394.8   432.6   520.7   712.2  2630.0  58122.0    58253
read      266.8   121.0    80.4   137.6   152.5   247.0   296.1   324.0   343.8   368.1   398.7   449.1   590.8  1227.3  2586.8 104154.6   103867
read      297.1   165.3    86.8   147.4   165.3   278.5   323.7   350.5   371.0   395.4   427.3   482.0   689.8  2158.9  4466.5  21606.6    21604
read      445.0   618.7    86.8   148.5   168.2   305.4   374.0   419.4   458.6   517.7   618.0  1035.5  3598.0  6994.8  8805.1  90444.4    90401
read      260.4   117.8    80.4   131.6   145.7   240.8   293.8   322.2   342.3   366.0   395.1   438.5   560.8  1095.7  2817.1  84451.6    84467
read      261.5   118.1    80.4   134.8   149.4   242.3   292.2   319.9   340.4   364.5   394.4   439.3   563.0  1073.9  2544.9  99763.2    99700
read      301.2   154.5    86.8   141.9   158.9   282.9   333.2   362.9   385.1   411.8   449.8   518.7   705.5  1771.2  3606.5  32052.6    32052
read      294.1   159.4    86.8   147.4   165.3   280.3   326.1   351.2   369.3   390.8   418.4   463.3   609.0  2114.9  4742.7  18145.6    18173
read      419.3   660.2    80.4   135.8   151.5   268.9   327.6   361.2   387.5   423.9   492.6  1494.0  3645.6  7336.8  8106.4  67659.0    67789
read      281.5   131.7    80.4   134.9   149.3   263.8   319.0   349.0   371.3   398.0   433.0   493.1   627.5  1175.1  2972.0  51932.0    51929
read      269.8   164.4    80.4   131.9   146.1   242.3   296.0   325.2   346.1   371.1   402.9   459.8   748.7  2043.5  5043.4  83667.4    83850
read      287.9   116.6    86.8   149.5   167.2   276.7   320.1   345.1   363.9   385.5   412.9   457.6   571.1  1365.8  2631.8  18714.2    18614
read      324.6   192.2    86.8   140.4   159.0   302.6   365.4   399.0   423.3   452.1   492.8   556.4   764.5  2390.4  4883.5  29292.6    29315
read      391.8   486.6    80.4   148.0   167.6   292.2   355.8   397.7   432.9   481.6   552.1   721.0  2955.3  5387.2  8122.6 107944.0   108090
read      310.4   169.8    80.4   144.2   162.4   289.5   342.7   373.5   396.5   424.1   460.3   523.3   739.9  2135.1  3845.3  27003.6    27024
read      312.4   180.3    86.8   137.7   153.1   277.7   338.1   373.8   403.2   444.7   511.8   621.1   888.6  1761.7  3441.3  49825.6    49907
read      254.0    82.2    93.8   156.3   171.3   244.7   275.1   292.5   305.5   320.0   342.3   374.6   465.9  1060.2  2151.4   9188.2     9150
read      337.1   240.0    80.4   141.9   161.0   303.9   369.7   405.2   432.8   465.9   514.9   587.4  1048.7  3221.3  7459.2  34207.6    34328
read      308.0   187.6    80.4   137.3   153.5   278.4   337.7   371.1   396.3   428.2   474.2   568.7   897.5  2195.7  4591.8  51837.0    51881
read      292.9   126.7    86.8   156.8   176.2   280.8   321.9   345.6   363.6   384.5   411.4   456.2   583.4  1695.1  2696.6  14533.4    14569
read      473.3   793.1    80.4   140.7   160.0   294.0   360.0   401.6   438.3   493.6   590.9  1564.8  4350.1  7824.2 13151.8  81492.4    81517
read      262.8   113.3    80.4   131.0   145.5   245.2   297.9   326.7   346.8   370.4   399.8   447.4   564.0   866.5  2144.7  78754.8    78694
read      277.7   137.2    80.4   137.5   152.9   255.6   307.9   337.2   359.0   384.9   419.6   477.7   649.8  1622.5  3178.8  93362.8    93409
read      317.7   187.4    80.4   140.4   158.1   289.8   346.9   381.8   408.5   443.4   496.1   584.6   824.4  2281.1  4339.5  38975.6    39093
read      310.2   179.0    86.8   152.8   173.4   291.8   340.8   368.4   388.6   412.1   443.9   497.8   667.0  2559.0  7146.4  18793.4    18729
read      464.8   720.1    80.4   138.5   156.3   288.8   353.3   393.7   427.6   477.3   584.2  1750.4  3916.6  7588.9  8130.1  70616.0    70818
read      322.4   195.1    86.8   150.2   170.4   298.4   353.1   384.4   406.8   434.7   470.6   538.6   793.0  2568.7  7260.7  21949.4    21942
read      401.5   544.4    80.4   140.6   158.9   285.9   348.6   388.6   421.8   468.6   548.9   805.8  3273.7  5936.5  8068.7  91770.6    91810
read      315.8   192.3    86.8   139.9   157.4   287.3   344.4   377.8   403.6   438.1   491.1   580.8   808.0  2508.6  5179.9  39767.2    39588
read      321.8   211.2    80.4   139.3   156.8   291.2   353.9   390.9   419.2   455.0   507.7   592.4   819.1  2554.4  7389.2  41054.0    40957
read      377.3   566.1    80.4   133.3   148.8   265.6   323.8   355.9   379.9   410.2   458.9   655.5  3271.5  6187.1  8082.1  62721.8    62645
read      288.7   198.2    86.8   152.6   170.7   273.0   312.8   335.2   351.3   371.0   397.1   439.4   587.5  2459.6  8507.8  15470.4    15539
read      485.7   676.0    86.8   159.1   184.3   330.4   406.1   459.1   501.5   558.4   649.0  1321.2  3686.7  7511.1  9093.4 107827.0   107672
read      304.8   158.2    80.4   137.9   155.9   286.1   340.9   372.4   396.6   425.0   461.9   524.1   684.4  1854.9  3112.9  32981.0    32954
read      271.8   161.4    80.4   129.5   143.7   251.5   305.6   332.8   351.9   374.1   404.0   458.7   646.2  2146.1  4592.1  58926.4    58866
read      291.6   144.0    86.8   140.3   157.7   278.5   327.8   354.5   373.5   396.3   424.4   466.5   590.7  1956.9  2952.6  23802.4    23739
read      309.0   240.2    86.8   131.9   147.4   269.9   330.2   364.3   390.6   425.0   478.0   588.2  1044.5  3211.8  7054.1  54729.8    54701
read      286.5   188.8    80.4   132.6   147.5   260.6   317.9   348.8   371.6   399.6   436.0   503.6   690.3  2699.7  5411.9  60834.8    60706
read      258.1   102.3    74.4   130.8   145.1   243.0   296.8   323.1   341.4   362.6   389.0   428.9   525.8   731.2  2238.2  72252.6    72350
read      262.1   101.6    80.4   133.0   147.8   251.9   302.9   327.9   344.7   364.9   389.9   427.5   508.2   661.6  1740.8  58671.0    58661
read      302.8   168.8    80.4   136.2   153.1   283.4   338.9   370.1   393.5   421.0   456.5   519.1   691.6  2250.9  3985.0  34895.0    34912
read      424.8   609.0    80.4   145.8   166.4   297.8   362.1   402.8   438.4   492.1   575.5   776.9  3559.6  6952.3  8701.2 103511.6   103268
read      293.1   157.5    80.4   134.4   150.9   275.4   326.4   355.2   376.3   402.9   440.4   508.0   687.7  1790.7  3764.1  38724.4    38703
read      257.7   118.8    80.4   130.0   144.0   238.6   291.7   319.5   339.4   362.4   391.2   434.3   545.7   922.7  3692.6  83206.2    83358
read      276.2   133.5    80.4   131.8   146.0   257.6   313.2   342.4   364.0   389.9   424.2   480.2   619.3  1486.7  3001.4  57421.8    57408
read      264.7   143.9    80.4   131.2   145.4   239.9   293.3   322.1   343.1   367.6   398.7   450.7   670.1  1802.1  3124.1  86640.6    86837
read      292.1   144.0    86.8   137.7   153.9   277.2   326.8   354.9   375.6   400.9   434.3   496.2   642.5  1841.1  2864.5  33470.4    33517
read      277.7   177.8    80.4   131.8   146.0   252.8   309.5   338.7   360.2   385.9   420.8   482.9   667.4  2534.6  6594.1  66283.0    66204
read      256.7   121.3    80.4   129.8   143.4   239.2   293.8   321.7   341.1   363.4   390.7   430.5   517.9   799.5  2848.3  73727.4    73758
read      258.5   115.6    80.4   132.8   147.3   238.6   288.8   316.6   337.0   360.6   390.2   434.7   560.9  1194.3  2204.2  99694.6    99742
read      265.8   123.9    80.4   137.5   152.3   246.0   294.3   321.3   341.5   365.2   395.4   443.3   587.7  1405.9  3101.7 109621.6   109462
read      271.8   123.6    86.8   138.7   153.7   252.5   303.3   331.7   352.1   376.0   407.0   458.6   593.9  1251.1  2863.1  94527.8    94453
read      292.9   157.7    74.4   136.9   152.2   272.3   324.1   353.1   375.1   403.5   444.2   518.6   715.6  1972.7  3465.2  44177.0    44096
read      259.4   107.6    80.4   134.0   148.6   240.9   291.0   318.4   338.4   361.6   390.8   435.2   558.4   953.9  2243.4 100526.8   100467
read      243.3   115.8    93.8   150.0   163.3   232.1   262.5   278.2   290.1   304.3   323.0   357.8   455.7  1253.7  4966.7   8564.0     8576
read      336.4   366.5    80.4   134.3   150.0   271.2   333.0   369.9   400.1   444.2   524.1   680.6  1691.6  4567.3  9800.0  59369.6    59359
read      257.1   218.6    93.8   155.2   169.2   239.6   269.3   286.0   297.8   313.6   334.3   369.3   488.9  3478.6  7856.9   7618.8     7614
read      380.3   457.2    80.4   135.0   151.8   278.6   342.4   383.2   419.0   475.3   605.1   964.3  2431.6  5686.9  8745.3  60006.0    60329
read      313.7   208.1    80.4   136.4   153.7   284.3   342.9   377.5   403.2   435.2   482.6   566.1   810.7  2744.7  6264.1  43646.6    43762
read      426.4   654.8    80.4   135.5   152.1   273.2   332.7   367.0   394.3   431.0   501.0  1556.1  3590.3  7117.5  8113.1  66953.4    67038
read      300.8   143.8    86.8   141.7   159.6   286.6   338.1   367.0   387.9   411.9   443.1   494.7   635.6  1862.1  2895.8  26121.4    26095
read      436.6   677.3    80.4   137.3   153.9   274.9   335.4   370.6   399.3   439.9   527.8  1604.2  3852.7  7298.4  9009.4  71277.4    71173
read      271.7   139.2    86.8   138.5   153.7   250.7   299.3   327.1   346.9   371.3   402.4   456.9   619.3  1761.1  3651.5 109280.8   109276
read      260.5   113.4    93.8   148.9   165.0   248.1   282.8   302.3   316.5   335.0   359.7   399.6   530.7  1346.6  3089.9  13188.4    13150
read      365.8   381.3    80.4   135.3   151.4   276.5   343.0   384.7   422.2   488.8   622.4   899.1  1971.3  4474.8  7830.0  61274.8    61250
read      256.6   108.9    80.4   130.9   144.7   238.6   291.3   319.0   339.1   362.1   390.3   431.3   531.8   864.3  2742.6  84653.6    84472
read      258.0   109.0    80.4   130.4   144.3   239.1   292.6   320.9   341.1   364.5   393.4   436.4   547.3   922.1  1798.3  82319.6    82226
read      296.9   153.0    86.8   139.5   157.0   282.7   334.2   363.2   384.2   408.3   439.4   489.6   609.9  1798.3  5646.8  27515.0    27671
read      429.0   598.4    80.4   144.0   163.3   291.0   356.3   398.3   433.8   486.0   580.7  1356.1  3221.8  7133.0  8108.1  98802.8    98736
read      269.4   137.5    80.4   137.4   152.5   249.1   298.5   326.0   345.7   369.8   400.6   452.1   593.5  1578.2  3805.5 106234.6   106314
read      276.8   136.8    80.4   139.9   155.9   256.0   306.2   334.5   355.2   380.1   413.6   468.8   632.7  1520.1  3049.7 105054.8   105027
read      263.2   119.5    80.4   133.9   148.8   243.7   294.0   322.1   342.6   366.9   397.6   445.8   580.7  1145.9  2413.5  96818.0    96867
read      257.3   117.1    80.4   130.1   144.0   237.4   289.4   317.3   337.5   360.9   390.5   435.3   566.3  1088.9  3210.9  89601.4    89493
read      313.9   266.7    80.4   135.2   150.9   273.7   329.9   362.8   389.4   425.2   482.7   594.0  1053.9  3842.1  7954.9  50669.8    50538
read      294.6   187.0    86.8   142.4   160.0   275.8   321.6   348.0   367.5   390.2   419.2   467.0   744.4  2358.4  7381.3  22108.6    22083
read      323.3   228.8    80.4   135.2   151.6   284.4   349.7   390.6   423.2   466.5   529.1   615.0   893.9  3059.8  6436.2  48625.0    48618
read      329.0   425.1    80.4   136.7   152.3   259.2   315.0   346.3   370.6   399.9   442.3   533.4  2856.2  5127.3  7991.0  94749.2    94298
read      260.5   105.2    80.4   131.1   145.4   247.0   300.8   327.2   345.2   366.5   392.7   431.3   518.3   701.8  2382.3  63657.0    63579
read      259.9   102.8    80.4   130.7   144.6   245.7   299.9   326.9   345.0   366.7   393.4   432.1   523.8   692.5  1941.6  64620.8    64573
read      260.2   118.1    80.4   129.9   143.8   241.0   296.2   324.8   344.9   368.7   398.5   445.3   562.5   794.4  1872.5  77153.8    77178
read      304.3   173.5    86.8   138.4   155.8   283.6   336.6   366.9   389.7   416.7   452.2   514.9   796.2  2122.7  4302.6  29744.2    29824
read      335.4   397.3    80.4   133.4   148.4   259.9   316.6   347.0   370.7   400.8   449.8   627.1  2366.7  4582.4  7878.8  64450.4    64495
read      287.8   130.3    86.8   142.6   160.0   274.1   320.0   346.1   365.4   388.0   416.9   463.5   622.2  1572.1  3102.0  20871.4    20917
read      428.7   665.5    80.4   139.5   157.4   280.4   341.6   378.5   407.3   448.2   517.8  1312.9  3709.0  7322.1  8120.2  85590.0    85651
read      260.5   101.8    80.4   130.6   144.9   247.4   301.1   327.4   345.2   366.6   393.2   432.3   520.1   687.2  1620.0  61809.0    61935
read      311.8   293.8    80.4   134.0   149.8   272.1   329.4   362.5   387.9   421.2   469.4   565.1  1049.0  4294.5  8124.0  50167.0    50216
read      263.1   119.8    80.4   130.3   144.3   243.9   298.7   327.7   347.6   370.8   400.5   448.3   574.5  1116.6  2551.0  72193.4    72251
read      259.4   106.2    80.4   130.0   144.1   242.6   296.4   324.5   344.1   367.2   395.8   437.1   538.9   783.0  2233.5  72080.2    71798
read      290.7   156.1    86.8   143.9   161.5   277.6   321.9   346.2   364.8   386.1   413.5   459.1   627.4  2048.9  5151.0  19785.8    19701
read      314.7   180.8    86.8   138.9   155.9   293.5   352.8   385.4   408.3   435.6   473.3   543.0   772.2  2243.0  4048.3  24927.6    24952
read      408.4   658.2    80.4   134.4   150.7   266.6   326.0   360.6   387.5   423.2   483.2  1094.3  3583.3  7600.7  8750.6  81901.2    81838
read      312.9   185.6    86.8   143.1   163.0   293.7   348.4   379.1   401.2   428.1   462.8   520.9   684.5  2287.6  7588.6  26611.4    26648
read      322.5   207.5    86.8   142.1   162.1   302.1   359.6   390.0   411.5   436.1   468.9   527.6   822.4  2781.2  7602.8  24908.6    24837
read      337.9   216.9    80.4   141.3   162.0   313.4   378.4   412.9   436.7   465.9   505.5   570.3   940.1  2929.9  7431.8  29496.4    29420
read      405.5   523.4    86.8   148.2   168.6   297.7   362.5   402.7   436.0   483.1   560.7   773.1  3176.0  5780.4  8058.8 103817.2   103882
read      269.3   111.4    80.4   132.7   147.9   252.9   306.7   335.8   356.5   380.1   409.6   457.8   576.3   832.9  2728.6  70068.2    70314
read      269.1   107.9    80.4   132.6   147.9   255.9   309.1   336.5   355.8   377.5   405.0   450.4   553.7   778.1  1879.1  61773.0    61679
read      324.7   260.9    80.4   136.7   153.5   282.5   342.7   378.8   407.3   447.5   511.7   630.0  1046.9  3877.7  7345.0  49700.6    49557
read      301.9   185.2    86.8   143.9   163.2   282.8   330.6   356.9   375.1   398.3   428.6   481.5   756.0  2698.4  4434.3  19369.8    19325
read      264.4    94.4    93.8   155.7   172.0   253.7   287.4   306.4   319.6   337.8   361.7   399.6   513.0  1164.8  1976.9   9176.6     9128
read      530.5   785.1    80.4   158.1   182.9   328.6   404.3   458.5   504.8   574.3   733.1  1847.7  4149.7  7969.4 12225.7  94794.2    94933
read      322.8   295.1    80.4   150.6   170.5   295.7   347.0   375.8   397.1   422.7   456.8   518.8   798.9  3574.1 10897.6  24283.6    24327
read      513.1   799.8    80.4   141.5   161.0   299.0   366.4   410.4   450.8   518.2   705.5  2117.3  4199.1  7762.3  9494.6  71932.8    71896
read      274.9   150.7    80.4   136.8   152.1   252.0   303.5   332.3   353.1   377.9   410.8   466.8   669.3  1636.4  3779.3  93567.6    93771
read      296.8   188.2    86.8   149.7   167.1   277.8   320.8   346.3   365.3   387.7   417.4   465.5   699.4  2463.5  7420.3  20415.6    20452
read      341.3   363.8    80.4   139.4   156.0   289.0   350.6   387.5   416.1   454.3   513.0   606.0  1562.4  5422.5  9622.5  42226.8    42338
read      385.3   642.7    80.4   135.2   150.9   265.7   325.4   359.5   385.4   419.5   471.8   704.5  3348.1  7960.5 14753.9  72496.8    72627
read      258.4   108.6    80.4   130.5   144.5   239.7   293.5   322.2   342.5   366.3   395.2   436.6   542.3   852.7  2073.5  80396.8    80603
read      332.1   346.9    80.4   137.8   153.5   278.6   338.6   373.3   400.6   436.6   498.2   612.5  1487.4  5249.5  8123.0  48993.4    49049
read      267.2   131.4    80.4   136.2   150.9   247.1   297.9   326.5   346.8   371.0   401.3   450.0   584.3  1301.2  3273.4  92495.4    92305
read      262.4   103.7    80.4   133.1   147.6   251.0   302.4   328.0   345.4   366.4   392.0   429.7   509.2   727.4  2676.6  57012.6    56889
read      258.1   114.6    80.4   130.6   144.4   239.4   293.2   321.6   341.7   364.7   393.2   434.9   537.6   892.4  3089.5  77916.2    78036
read      258.9   103.0    80.4   131.1   145.1   241.9   296.3   324.6   344.0   366.8   394.5   434.5   531.0   774.7  1683.0  71651.8    71583
read      258.7   107.9    80.4   130.9   144.8   241.2   295.4   323.9   343.7   366.7   394.5   434.8   532.2   787.0  2532.7  72696.2    72609
read      264.7   143.9    86.8   135.9   150.6   243.2   291.9   318.9   339.0   362.9   393.4   441.0   585.6  1802.8  3515.6 107363.4   107382
read      256.2   118.6    80.4   129.9   143.8   236.4   288.2   316.7   337.1   360.6   390.1   433.8   548.7  1006.1  2986.3  86523.4    86530
read      285.7   175.2    93.8   150.0   166.6   268.8   309.3   331.9   347.6   367.8   394.8   437.8   679.8  2380.3  7489.7  16500.0    16550
read      510.2   792.6    80.4   143.3   163.9   300.1   370.4   417.8   459.1   520.9   656.7  2389.2  3951.4  7747.0  9832.6  84532.0    84534
read      263.9   118.0    80.4   130.9   145.6   246.9   300.5   329.0   348.7   372.1   401.0   446.9   556.0   862.7  2006.8  72747.0    72631
read      334.8   289.7    80.4   137.7   154.7   285.2   346.2   383.8   413.9   455.7   523.7   644.1  1358.7  4016.7  7650.9  49255.8    49291
read      264.7   109.5    80.4   131.4   146.1   250.4   303.9   331.3   350.2   372.2   399.7   441.2   540.6   855.6  2030.6  62246.4    62175
read      258.3   121.8    80.4   130.4   144.2   238.6   292.1   320.4   340.9   364.0   393.0   435.5   545.5  1066.4  3087.5  80204.2    80213
read      290.6   189.4    93.8   151.1   169.2   272.8   314.4   337.8   354.8   374.0   400.7   445.2   688.6  2422.2  7648.8  16641.2    16566
read      341.2   336.5    80.4   137.0   152.6   278.5   342.8   382.4   414.8   461.8   542.4   679.8  1641.5  4625.5  7828.1  54183.6    53985
read      330.2   372.6    80.4   140.9   157.8   267.2   322.3   355.6   381.0   413.7   463.1   574.8  1932.5  4377.2  8273.2 101705.2   101949
read      296.2   194.8    86.8   143.3   160.7   276.5   322.6   349.7   370.1   394.4   425.7   475.6   666.6  2683.5  7154.9  24099.2    24076
read      336.1   362.0    80.4   135.3   151.0   273.7   334.4   370.3   399.5   439.4   509.5   644.2  1712.0  4935.6  8002.7  52528.0    52574
read      315.5   336.4    80.4   139.0   155.0   259.8   313.4   344.4   368.7   398.7   443.3   540.4  1706.4  4219.0  7842.7 106503.0   106271
read      265.7   152.5    80.4   135.4   150.2   244.3   293.1   320.3   340.5   364.2   394.5   443.0   592.2  1862.8  3626.2 105513.4   105451
read      262.0   113.8    80.4   132.6   147.2   242.7   295.0   323.6   344.1   368.5   398.5   444.4   563.6  1020.3  2172.3  86050.2    86087
read      320.5   265.5    80.4   143.3   161.3   288.8   343.0   374.2   397.4   424.8   461.4   530.6  1061.3  3905.4  7898.7  29147.0    29108
read      418.8   550.4    80.4   144.7   164.5   298.5   367.4   412.4   452.0   509.2   605.9   881.9  2991.6  7210.3  8780.6 101073.6   101115
read      258.7   110.3    80.4   130.8   144.6   241.0   294.9   323.1   342.8   365.4   393.4   434.0   535.4   851.7  2575.5  74016.6    74326
read      263.1   120.6    80.4   132.9   147.3   244.7   298.9   327.6   347.2   370.5   398.9   442.1   556.4   931.0  2941.1  75865.2    75832
read      261.2   134.0    80.4   133.0   147.4   239.9   290.3   318.2   338.8   362.8   393.1   438.7   582.8  1476.1  3631.2  94934.6    94901
read      277.2   148.3    93.8   148.7   165.2   264.5   303.2   324.4   340.7   360.1   384.5   423.3   550.2  1902.8  6986.9  15841.6    15809
read      337.5   330.4    86.8   141.4   159.5   303.2   366.0   398.9   422.4   449.6   486.0   546.1  1124.9  4616.0 12045.5  28735.4    28874
read      305.2   270.6    80.4   134.7   149.7   267.7   322.8   354.6   378.2   408.7   454.1   544.0  1095.5  3906.5  8003.0  51998.6    51882
read      321.1   256.0    86.8   139.5   156.6   289.0   346.8   379.6   403.0   432.5   471.9   546.2   966.1  3913.0  7700.0  32763.6    32653
read      283.5   128.8    86.8   137.1   151.3   269.6   322.2   352.1   373.4   398.9   431.1   481.2   591.7  1391.7  3288.9  41855.2    41676
read      272.0   140.3    80.4   131.7   145.6   250.3   306.6   336.1   357.4   382.3   415.5   470.4   640.5  1457.7  3662.2  62991.8    63019
read      265.0   126.4    86.8   134.8   149.9   245.0   294.9   322.3   342.8   367.2   397.8   445.1   582.7  1364.5  3059.4  99097.8    99164
read      333.1   320.4    86.8   135.9   152.4   281.2   342.0   377.3   405.0   443.0   504.2   617.3  1582.0  4147.4  7851.5  47130.2    47055
read      269.9   107.2    80.4   132.8   147.9   256.0   309.7   337.6   357.5   380.4   408.8   453.9   565.8   795.6  1701.8  62436.0    62394
read      275.5   131.4    86.8   138.2   154.0   255.0   305.3   333.6   354.5   379.2   411.9   466.0   634.5  1479.4  3050.1  98579.0    98519
read      336.2   311.7    80.4   142.2   161.5   294.9   352.5   386.5   412.8   446.2   493.1   575.7  1291.7  4543.1  8014.1  32027.2    32122
read      305.9   170.9    80.4   135.7   151.8   279.6   340.8   377.0   404.1   436.8   484.4   562.8   761.7  1987.4  3789.6  49480.2    49464
read      332.7   267.3    80.4   147.8   168.4   303.1   360.6   392.0   414.4   440.2   475.0   538.8   998.5  4046.6  7837.5  24013.4    24034
read      486.1   730.1    80.4   141.4   161.0   298.0   366.5   409.8   448.9   512.3   674.3  1767.0  3898.7  7624.6  9603.3  77328.8    77363
read      272.6   139.8    80.4   134.2   149.9   251.0   302.8   331.8   352.8   377.5   410.8   465.4   636.8  1585.3  3703.9  91357.8    91698
read      355.3   418.1    80.4   139.4   157.9   293.8   354.4   389.9   417.5   453.7   509.6   617.8  1993.9  6490.1  8948.6  38995.6    38997
read      265.1   122.6    80.4   131.6   146.5   245.2   296.9   325.4   345.8   370.5   401.3   451.9   596.8  1284.9  2640.4  85999.2    86028
read      268.9   142.6    80.4   133.2   148.4   248.4   301.4   330.7   351.4   375.8   407.3   458.1   601.3  1212.0  3199.2  83102.4    83012
read      300.7   201.1    86.8   156.1   175.5   280.8   322.3   345.9   364.3   385.5   412.7   461.3   753.0  2802.1  7810.6  14900.0    15024
read      394.7   512.5    80.4   136.0   152.6   277.8   340.1   378.4   410.4   461.7   605.0  1099.8  2723.6  6317.7  8892.4  56514.8    56640
read      276.7   153.7    80.4   135.1   150.6   250.5   301.9   331.3   352.9   379.1   415.4   481.4   757.1  1722.9  3816.1  97106.2    97362
read      266.4   134.4    80.4   136.9   151.9   246.5   294.4   321.3   341.5   365.5   395.8   443.9   582.5  1604.5  4084.8 107595.8   107412
read      261.0   113.0    80.4   131.4   145.6   246.3   299.9   326.9   345.1   366.7   393.1   432.4   528.4   803.2  2002.8  65154.8    65030
read      257.5   112.5    80.4   130.7   144.3   239.0   292.4   320.6   340.6   363.6   391.9   433.5   541.0   900.9  2542.7  79037.0    79278
read      304.0   204.2    86.8   136.0   151.4   274.0   331.5   363.9   388.9   421.4   468.0   560.1   829.9  2665.6  5967.5  47561.2    47544
read      261.9   124.3    80.4   135.8   150.6   242.9   291.6   318.4   338.1   361.4   391.0   435.1   562.0  1298.4  2776.0 105328.2   105368
read      263.7   107.8    80.4   134.1   148.9   251.9   304.4   330.2   347.3   367.7   392.8   430.4   510.3   689.0  2735.6  58299.8    58181
read      268.5    97.9    80.4   138.3   153.2   258.6   309.4   334.7   352.1   371.6   397.1   434.0   516.6   676.9  1733.3  56797.8    56960
read      279.9   165.9    93.8   151.5   168.6   262.4   299.9   321.0   337.7   357.2   382.5   425.0   671.7  2354.0  4973.2  14820.6    14849
read      474.1   782.0    86.8   137.0   153.1   276.3   335.7   371.1   400.5   447.4   581.5  2130.5  3893.6  7889.5 12792.2  63617.0    63672
read      281.5   150.6    80.4   134.1   148.4   263.2   315.7   344.4   366.5   393.1   428.2   489.6   638.3  1657.1  4839.8  48271.8    48289
read      261.1   184.7    93.8   147.1   162.4   243.7   277.1   295.7   310.2   327.1   350.5   392.7   639.9  2028.4  8848.6  11834.2    11797
read      252.1   220.5    86.8   152.9   168.4   238.0   266.3   281.5   292.8   307.2   325.7   358.9   441.0  2761.2  9105.5  10828.8    10781
read      261.0    99.6    80.4   134.3   149.3   256.2   301.8   322.9   337.9   355.2   376.5   411.4   483.8   625.8  2657.5  49276.2    49362
read      265.7   113.2    80.4   136.3   151.5   249.1   298.4   325.8   345.2   368.8   398.3   445.4   564.4   793.9  2717.5 102015.2   102119
read      263.8    96.8    80.4   136.2   151.5   259.8   304.8   326.3   341.4   359.2   380.7   414.8   483.5   604.3  2365.2  46240.6    46213
read      260.5   101.7    80.4   133.7   148.8   245.0   294.6   321.3   341.0   363.9   392.2   434.4   538.7   717.9  1585.7  97124.8    97025
read      260.6    85.5    93.8   153.6   171.3   258.1   287.6   303.3   314.7   328.4   345.0   372.7   438.4   672.2  2695.3  18427.2    18351
read      266.5    80.0    93.8   153.0   171.1   264.9   296.5   313.5   325.4   340.2   359.7   389.7   454.1   561.8  1907.0  21442.2    21426
read      268.6    91.3    80.4   138.9   154.7   265.0   309.5   331.7   346.6   365.5   388.4   422.4   492.2   594.4  1246.3  43131.6    43013
read      261.0   108.0    80.4   131.5   146.0   248.1   300.8   327.0   344.5   365.5   391.2   429.7   519.7   687.9  2736.4  67423.4    67376
read      266.4    96.3    80.4   141.2   157.6   265.7   303.4   321.8   335.9   351.3   371.5   402.0   467.4   626.5  2979.6  36119.0    36043
read      251.3    93.0   101.3   165.9   180.1   242.5   269.4   284.6   295.0   309.6   328.2   359.3   429.4   889.0  3441.9   6267.2     6255
read      279.2   114.4    80.4   141.0   157.9   262.5   312.3   340.0   360.4   384.5   416.3   469.7   619.7   938.8  1872.9 102611.0   102499
read      281.2   108.8    86.8   150.7   169.6   277.5   314.5   334.9   349.0   367.2   390.3   425.9   510.8   692.0  3837.0  26222.0    26263
read      264.4    96.6    80.4   133.3   148.4   255.2   306.6   332.1   349.4   369.6   394.3   429.9   500.9   623.7  1316.5  56715.4    56974
read      269.3    95.5    80.4   139.8   155.6   267.2   309.9   331.3   345.8   364.0   386.0   418.8   483.6   595.1  1991.9  40976.0    40869
read      269.5   112.7    86.8   138.5   154.1   263.8   310.9   334.0   349.4   368.0   391.0   424.6   491.8   645.5  3153.9  46575.8    46514
read      256.5    67.0    86.8   163.1   180.5   253.8   280.2   294.4   305.4   317.4   334.6   361.0   418.2   526.0  1422.1  11410.0    11431

Total QPS = 57289.2 (72184352 / 1260.0s)

Total connections = 64
Misses = 0 (0.0%)
Skipped TXs = 0 (0.0%)

RX 17829535685 bytes :   13.5 MB/s
TX          0 bytes :    0.0 MB/s
Warning! Detected max cpu usage > 95%
CPU Usage Stats (avg/min/max): 99.85%,6.03%,100.00%
