Timestamp start: 1778760371212
Timestamp end: 1778761501563

#type       avg     std     min      p5     p10     p50     p67     p75     p80     p85     p90     p95     p99    p999   p9999      QPS   target
read      225.1    89.6    86.8   147.0   162.0   214.8   236.3   249.7   259.4   271.2   287.9   314.9   437.4  1253.9  2524.4   6872.2     6927
read      280.4   199.2    74.4   118.4   131.4   248.7   304.1   337.4   364.5   399.0   448.7   533.7   843.0  2551.0  5205.3  52885.0    52892
read      260.0   217.5    74.4   120.1   134.1   230.0   279.3   306.2   325.4   349.2   383.1   441.8   776.8  3247.0  6951.6  99125.0    98921
read      318.0   409.8    74.4   117.7   130.9   248.0   309.0   346.7   379.9   424.0   486.9   599.8  1956.1  5773.7  8015.3  61194.4    61129
read      266.6   153.0    74.4   120.0   133.5   248.8   296.4   323.3   344.9   371.6   407.0   466.5   639.5  1902.3  3586.2  40583.2    40613
read      281.0   181.6    74.4   117.7   130.7   251.2   309.8   345.4   374.5   412.3   462.4   542.9   763.6  2119.9  5220.7  53319.0    53226
read      320.4   246.6    74.4   120.6   137.6   284.0   356.5   397.6   426.9   462.2   507.1   580.2   936.2  3406.7  7432.0  38614.8    38560
read      287.5   434.3    74.4   121.4   136.2   237.9   288.3   316.4   338.1   365.7   404.6   487.0   780.5  6871.3  9545.8 103529.8   103465
read      244.6   123.2    74.4   119.6   133.4   226.7   273.8   299.2   317.6   340.1   369.9   420.3   549.0  1377.1  3174.4 104903.0   104758
read      238.9   107.5    74.4   117.6   130.6   222.7   270.9   296.3   314.5   336.1   364.2   408.5   528.3  1005.6  2035.1  94700.6    94759
read      314.6   219.6    74.4   121.4   138.1   280.2   349.0   391.0   421.4   457.4   502.7   574.9   895.6  2853.9  6469.9  37864.2    37799
read      231.6   114.8    86.8   145.3   161.9   220.1   244.4   258.5   269.1   281.9   298.2   330.1   464.4  1784.8  3471.1   8303.2     8296
read      321.9   514.0    74.4   118.3   131.5   242.4   303.1   341.2   374.2   422.6   491.3   598.1  1747.3  6923.4  8675.9  69377.8    69443
read      246.7   121.8    80.4   139.2   159.2   236.5   268.4   286.1   298.2   313.8   333.8   365.1   455.9  1307.6  6246.9  12476.2    12517
read      263.3   151.5    74.4   119.7   133.0   246.8   294.9   321.8   343.5   370.3   406.4   466.8   614.9  1657.2  3545.0  43669.4    43591
read      268.8   197.0    80.4   131.6   149.8   251.6   292.4   315.6   333.3   354.4   382.3   426.0   556.0  2029.6  8771.2  20410.6    20430
read      278.0   391.5    74.4   119.9   133.8   233.3   284.3   311.8   332.0   356.9   392.7   463.7   749.5  6711.3  8009.6  93715.6    93758
read      243.6   117.4    86.8   143.2   162.7   231.9   260.8   276.7   289.4   304.1   322.6   356.6   464.7  1441.1  4053.2  10610.4    10485
read      265.6   139.4    86.8   137.2   157.1   250.2   287.9   309.2   324.2   343.1   368.3   407.6   576.8  1996.8  3208.6  16591.2    16518
read      270.5   326.0    74.4   118.7   132.0   229.4   281.4   309.3   329.3   354.1   390.0   463.3   862.6  6118.3  7989.7  83107.0    83230
read      225.9   121.7    93.8   152.9   166.4   216.0   235.6   248.4   257.1   268.2   283.0   310.3   428.9  1168.3  5666.0   5428.6     5484
read      281.0   182.6    74.4   117.6   130.8   248.2   306.3   341.5   370.7   408.9   464.0   554.6   822.0  2158.0  4082.6  55460.4    55611
read      272.9   143.0    80.4   132.4   151.0   258.7   301.3   325.4   343.5   365.8   393.8   436.2   556.8  1814.1  3967.8  20753.0    20774
read      272.6   364.6    74.4   120.1   134.0   232.1   282.1   309.6   329.8   355.0   390.5   456.7   712.8  6478.9  8333.4  96698.4    96726
read      307.3   198.6    74.4   124.7   141.8   280.7   343.1   379.3   404.6   434.6   473.4   537.3   794.5  2524.8  6078.5  32396.0    32442
read      261.1   257.5    74.4   117.5   130.1   228.8   281.8   309.0   328.4   352.0   385.6   456.4   742.0  4825.9  7712.5  73101.6    73039
read      240.0   106.8    74.4   117.4   130.2   226.0   276.9   301.9   318.6   338.7   364.0   402.5   512.8   955.9  2221.9  73985.6    74055
read      274.6   168.0    74.4   118.8   131.7   249.2   303.6   335.7   361.5   394.8   440.3   518.9   728.8  1836.8  4159.8  51292.8    51197
read      289.1   225.3    74.4   117.6   130.7   246.0   305.7   341.8   371.8   412.2   471.2   576.6  1135.9  2476.9  5001.1  59368.2    59442
read      313.3   214.6    74.4   121.6   139.0   283.8   352.0   391.4   419.0   451.5   493.6   555.4   804.6  2815.7  7542.9  35669.0    35654
read      316.1   573.8    74.4   119.6   133.4   238.3   290.7   319.0   341.2   369.6   413.7   512.8  2333.5  6975.5  8735.0  78963.0    78747
read      269.7   149.9    74.4   121.5   135.1   252.0   302.0   330.8   352.8   381.2   420.1   481.9   628.1  1503.3  4272.0  42309.0    42212
read      279.9   179.4    74.4   118.7   131.7   250.8   307.7   342.0   369.7   405.3   454.8   535.6   773.7  2209.5  4182.0  52511.0    52488
read      317.7   206.1    74.4   123.3   140.2   287.7   359.1   399.1   428.2   462.8   505.3   571.7   787.3  2758.5  4716.8  36736.0    36950
read      265.2   120.7    80.4   136.5   156.7   253.9   291.0   312.3   327.8   345.9   370.8   410.0   532.7  1547.1  3634.7  16846.0    16762
read      321.3   588.0    68.9   119.8   133.5   238.6   291.4   319.9   342.1   370.6   415.3   519.0  3260.7  7325.5  8516.6  79630.2    79473
read      267.2   158.1    74.4   116.7   129.2   238.9   296.7   330.6   357.6   393.3   443.9   523.1   685.5  1567.5  3549.8  61461.4    61431
read      253.6   185.7    74.4   118.2   131.2   225.7   276.6   303.9   322.8   345.9   378.3   437.2   768.3  2400.4  5103.2  87090.4    87172
read      258.4   166.7    74.4   123.5   138.6   236.9   285.2   311.3   330.7   354.7   388.4   446.4   618.0  2121.1  6597.7 108301.0   108181
read      251.8   165.7    74.4   117.8   130.7   226.0   277.7   304.8   323.3   345.5   376.4   434.6   745.3  2191.5  4534.3  80215.8    80515
read      314.7   218.2    74.4   122.3   139.3   282.6   351.7   392.1   420.3   453.9   496.9   563.6   847.6  2982.6  4943.4  36977.4    37149
read      253.0   130.2    80.4   139.6   159.7   240.4   272.3   290.9   304.5   319.9   342.3   379.0   505.7  1598.1  5707.1  13459.4    13444
read      280.2   402.9    74.4   118.6   131.4   231.7   284.2   310.8   329.9   353.1   386.4   458.8  1045.4  6509.5  8012.5  72136.6    72057
read      349.1   677.7    74.4   118.9   132.4   245.0   302.8   337.9   367.0   406.6   469.3   578.7  5205.5  7577.1  9348.5  70089.0    70041
read      259.0   223.6    74.4   118.3   131.4   226.2   276.8   304.1   323.2   346.8   380.2   441.4   854.0  3278.4  7123.5  90267.2    90162
read      286.4   270.0    74.4   118.9   132.0   250.4   306.4   339.5   366.9   403.0   455.5   538.7   816.5  4130.6  8558.6  52098.4    52082
read      282.7   139.4    68.9   128.1   146.6   268.3   317.8   345.4   365.9   389.6   419.9   467.1   601.8  1622.4  3452.0  24300.0    24258
read      307.6   534.9    74.4   117.8   130.9   235.2   288.9   317.7   339.8   368.7   415.8   521.0  1947.7  7060.4  9965.4  71633.0    72013
read      304.3   324.8    74.4   117.7   130.9   249.0   308.2   344.7   375.9   419.7   482.9   592.4  1399.4  4740.5  7970.4  57828.0    58012
read      271.2   155.2    74.4   118.9   132.4   249.9   301.5   332.4   356.9   387.7   428.4   496.9   672.5  1787.3  3561.0  45482.6    45398
read      281.5   200.3    74.4   118.4   131.5   250.8   306.0   339.5   367.1   402.6   451.8   531.1   811.7  2793.9  5120.7  50440.8    50177
read      310.1   206.9    74.4   122.1   139.4   283.2   349.0   386.7   413.2   444.3   484.7   546.3   772.1  2746.0  6444.5  34556.6    34504
read      333.8   556.5    74.4   118.2   131.8   247.0   309.1   348.0   382.3   428.4   495.6   605.3  2502.0  7152.1  9377.7  66139.2    66010
read      293.6   319.3    74.4   117.5   130.7   236.8   294.7   328.3   355.4   393.3   458.1   585.6  1422.0  4502.5  7912.0  73996.2    73937
read      282.6   190.2    74.4   116.4   129.4   247.4   306.2   342.7   374.1   415.5   470.3   562.7   867.0  2141.5  4426.4  55173.2    55020
read      277.2   182.0    74.4   117.2   130.1   248.6   305.3   339.6   368.1   404.1   455.4   534.9   751.1  2018.5  4115.4  53312.0    53235
read      250.3   163.3    74.4   118.7   132.4   226.5   275.3   301.8   320.1   343.4   373.8   429.3   638.8  2393.8  3731.8  97583.6    97743
read      225.8   105.5    86.8   150.5   164.1   214.1   234.6   247.5   256.3   268.8   285.2   314.8   465.6  1536.5  4799.1   5473.8     5419
read      264.8   149.7    80.4   138.5   159.1   252.5   289.9   310.0   324.0   341.5   365.1   400.8   521.2  1850.9  6293.4  14700.8    14764
read      227.9    80.3    93.8   146.4   162.4   219.1   242.8   256.4   266.9   278.5   295.2   323.8   421.5   961.4  3063.4   7409.6     7451
read      277.4   201.8    80.4   119.0   132.3   250.0   303.0   333.9   358.7   390.9   434.0   507.2   736.1  3006.5  5024.1  48209.4    48208
read      263.1   193.4    80.4   136.5   156.4   248.7   284.6   304.5   318.6   336.9   360.1   396.3   516.3  2083.8  8902.8  16080.8    16149
read      292.5   452.6    74.4   119.0   132.7   234.3   287.5   315.5   336.2   362.0   398.0   479.5  1324.1  6545.3  9259.1  78669.8    78989
read      273.5   206.4    80.4   130.2   149.6   250.8   289.5   311.4   327.6   346.7   372.9   418.8   909.5  2938.3  7404.5  18831.2    18886
read      275.4   248.3    74.4   114.5   127.1   230.2   290.0   323.6   351.6   391.2   453.3   560.9   910.8  3220.3  7599.1  75951.0    75954
read      277.5   200.6    74.4   115.7   129.2   249.6   302.6   334.7   359.9   391.3   432.6   505.6   795.4  2673.8  5117.1  44378.6    44409
read      222.5    72.3    80.4   133.0   149.1   219.2   243.0   256.1   266.2   276.7   292.5   316.5   375.4   676.3  2939.5  16401.2    16431
read      242.8   208.3    74.4   114.9   127.3   218.6   269.3   295.2   313.5   334.9   362.7   407.9   579.4  3335.8  6712.4  85473.2    85707
read      273.6   198.4    74.4   113.9   126.0   241.1   298.8   332.9   360.4   396.4   446.4   530.0   788.5  2776.9  4428.8  58212.4    58253
read      259.2   239.8    74.4   118.9   132.5   227.7   276.1   302.7   321.3   344.8   376.9   435.0   697.0  3432.5  7651.6 104023.6   103867
read      265.5   149.5    80.4   124.8   143.0   251.3   294.3   317.4   334.5   354.4   379.9   421.2   609.1  1843.4  6548.7  21661.2    21604
read      267.3   381.6    74.4   116.6   129.5   224.9   275.1   302.3   320.8   344.3   375.6   434.7   710.0  6644.6  9354.9  90618.0    90401
read      244.6   152.3    74.4   115.2   127.9   220.8   272.3   298.8   317.5   339.9   369.4   425.0   663.7  1853.7  4653.7  84507.4    84467
read      242.9   132.2    74.4   118.1   131.2   223.6   272.6   298.6   317.2   339.6   369.1   420.1   562.3  1330.8  3772.4  99780.8    99700
read      288.7   189.8    74.4   119.4   136.2   266.3   320.8   353.9   377.1   403.5   436.5   492.6   687.8  2635.5  5955.8  32120.8    32052
read      253.2   147.9    80.4   128.6   146.5   240.8   276.6   296.7   312.3   330.1   352.6   390.0   525.4  1756.0  7600.1  18092.6    18173
read      294.1   296.2    74.4   115.0   127.8   239.5   299.6   336.1   366.7   409.1   472.6   584.4  1450.5  3701.4  7682.5  67563.0    67789
read      264.9   166.8    74.4   114.7   127.2   243.1   296.2   327.1   351.3   382.8   424.6   492.2   661.9  1601.3  6160.0  52066.4    51929
read      242.5   153.2    74.4   115.6   128.3   221.2   272.4   299.0   317.4   339.2   367.6   416.3   586.9  1850.7  5820.8  83867.6    83850
read      258.3   140.0    80.4   128.6   146.7   244.8   283.1   304.3   318.9   337.8   361.5   398.6   539.7  2032.3  4184.3  18615.8    18614
read      281.4   184.1    74.4   122.7   140.0   258.0   304.6   333.7   355.8   382.6   418.4   476.2   848.5  2196.4  6153.8  29284.2    29315
read      356.9   595.1    74.4   126.9   144.0   263.5   319.2   355.3   385.3   426.8   492.9   621.3  3461.7  7328.7  8906.5 107803.0   108090
read      288.4   201.1    74.4   126.1   144.9   266.4   315.3   343.9   365.4   390.6   422.6   472.4   686.3  2780.9  7555.1  27126.0    27024
read      265.3   160.5    74.4   116.4   129.6   245.1   295.6   324.0   346.2   375.4   416.0   480.4   650.3  2124.5  3900.5  49942.6    49907
read      225.2   112.0    86.8   138.4   154.0   214.7   238.6   252.4   263.2   275.0   292.3   319.0   461.4  1379.5  3185.3   9130.4     9150
read      299.4   226.1    74.4   119.3   135.9   270.9   329.6   364.5   390.0   419.6   457.8   517.5   890.9  2939.6  7710.5  34484.6    34328
read      268.1   169.4    74.4   116.3   129.1   245.9   297.9   327.8   351.2   382.2   425.4   495.8   671.7  2206.2  4836.8  51847.4    51881
read      245.8   104.6    80.4   131.4   150.3   236.2   269.4   287.7   300.6   315.9   336.4   368.6   492.6  1467.8  2456.4  14604.8    14569
read      289.9   473.3    74.4   117.3   130.7   231.2   284.1   311.9   332.4   357.7   393.8   468.7  1218.0  7111.8  9632.1  81608.2    81517
read      241.3   123.7    74.4   116.7   129.5   224.9   276.0   301.3   318.6   339.4   365.9   407.4   532.8  1295.8  3555.1  78787.6    78694
read      239.5   115.2    74.4   116.4   129.4   221.6   270.9   296.5   315.0   336.8   365.5   412.8   552.8  1196.7  2692.1  93389.0    93409
read      300.6   211.1    74.4   116.1   132.1   271.4   336.3   374.3   401.9   433.7   475.5   539.8   778.7  2905.1  5620.5  39268.0    39093
read      256.3   115.0    74.4   128.6   146.6   244.6   282.6   304.0   319.3   338.8   363.3   400.8   533.0  1454.0  2620.4  18810.8    18729
read      320.6   534.9    74.4   114.3   127.0   237.4   297.2   333.1   362.6   403.2   466.9   575.7  2662.9  7542.8  9464.4  70857.0    70818
read      274.3   184.8    74.4   125.4   143.2   258.0   303.0   327.4   344.7   365.6   392.0   434.6   653.4  2178.1  4237.3  21930.6    21942
read      304.6   545.1    74.4   119.7   133.9   236.0   287.6   315.9   337.6   365.0   403.5   481.9  1394.2  6950.5  9824.4  91642.8    91810
read      307.5   250.3    74.4   117.1   133.1   274.0   339.8   378.4   405.9   438.5   480.9   543.7   911.0  3352.7  7729.8  39376.8    39588
read      312.9   228.4    68.9   115.7   131.6   283.8   358.8   398.6   426.1   457.8   496.9   554.6   760.6  3014.7  7157.7  40918.0    40957
read      266.9   189.4    74.4   113.1   125.0   235.3   292.5   324.0   349.6   384.0   431.4   510.8   799.5  2355.6  4701.1  62456.2    62645
read      250.5   142.8    80.4   130.2   148.5   238.8   273.9   292.8   306.3   320.8   342.0   374.0   515.5  1817.3  6127.5  15576.4    15539
read      281.7   352.6    74.4   121.3   136.2   237.3   287.0   314.4   335.3   361.9   399.9   480.1   844.3  6186.9  8036.6 107376.0   107672
read      294.5   202.4    74.4   120.7   137.6   270.3   327.2   361.1   385.5   413.4   449.1   504.5   711.6  2865.5  6841.6  33056.0    32954
read      291.8   245.5    74.4   115.8   129.1   248.6   307.1   342.8   372.9   415.9   478.1   589.1  1060.1  2958.8  7448.4  58833.8    58866
read      277.6   155.0    74.4   124.4   142.4   263.9   311.3   336.7   354.9   375.4   401.8   445.9   622.5  1910.2  3460.4  23874.6    23739
read      281.3   248.1    74.4   115.6   128.7   246.3   301.3   333.6   360.1   394.6   443.5   529.7   897.1  3450.9  7730.2  54694.8    54701
read      261.3   141.5    74.4   113.5   125.6   238.7   294.3   325.6   350.8   383.9   427.6   497.2   655.8  1327.8  3168.3  60534.4    60706
read      256.7   309.6    74.4   116.9   129.9   228.5   280.3   306.2   323.8   345.2   373.9   428.3   641.8  4771.0 14364.6  72362.4    72350
read      295.4   283.2    74.4   115.4   128.6   248.5   307.8   343.9   374.7   419.0   484.6   595.9  1067.5  4467.5  7862.5  58726.6    58661
read      305.9   252.2    74.4   118.0   134.5   276.2   339.4   374.0   398.4   426.8   464.0   525.0   870.3  3814.2  7613.7  34865.2    34912
read      290.9   442.3    74.4   120.3   135.1   236.9   288.2   316.4   338.3   365.7   404.3   487.4   861.8  6756.9  9154.8 103118.0   103268
read      303.1   199.0    68.9   117.0   133.1   275.9   342.8   380.5   407.2   437.9   479.1   540.1   784.8  2480.2  4298.8  38605.2    38703
read      272.1   371.3    74.4   115.8   128.8   225.9   278.2   305.7   325.1   348.9   384.0   457.0   917.2  6426.0  8099.4  83261.6    83358
read      268.3   172.6    74.4   113.5   125.8   240.1   296.3   329.1   355.5   390.5   438.1   518.2   733.8  2131.6  4040.6  57543.2    57408
read      248.6   214.7    74.4   116.2   129.1   222.6   273.0   299.0   317.6   339.9   369.0   420.8   614.0  3486.9  7234.9  86795.2    86837
read      297.3   208.6    74.4   119.5   136.1   271.1   330.1   364.1   388.4   416.5   453.2   509.5   857.4  2871.7  7113.5  33573.6    33517
read      278.0   218.3    74.4   114.9   127.7   238.4   297.6   332.8   361.5   400.5   459.9   553.7   904.2  3002.2  6069.9  65985.0    66204
read      263.2   223.6    74.4   117.9   130.7   230.3   283.5   311.1   331.0   355.2   390.9   471.6   887.4  2875.3  8043.9  73900.4    73758
read      247.8   135.3    74.4   120.6   134.4   228.6   276.7   302.5   320.5   343.3   373.3   425.7   579.2  1352.4  3951.5  99573.4    99742
read      256.2   149.9    74.4   123.3   138.3   235.3   283.0   309.2   328.4   352.4   386.3   444.6   621.2  1808.2  3352.2 109502.0   109462
read      240.8   117.3    74.4   118.6   131.7   223.6   272.1   297.6   315.8   337.4   365.5   411.0   539.7  1114.6  3078.5  94669.0    94453
read      303.6   268.6    74.4   119.6   135.3   270.9   332.2   368.8   396.6   429.4   471.2   540.9   786.6  3915.3  8002.5  44138.6    44096
read      281.3   407.7    74.4   121.8   136.5   236.8   286.3   313.7   334.3   360.4   397.9   470.4   783.5  6638.3 12458.3 100507.2   100467
read      230.8   101.7    86.8   144.8   163.0   221.3   243.9   256.2   266.3   277.1   293.2   319.4   454.1  1541.9  3202.2   8500.6     8576
read      275.4   221.8    74.4   117.6   130.7   244.5   300.2   331.8   356.6   389.7   435.8   516.8   773.2  2878.3  7848.5  59212.2    59359
read      226.2   265.0    80.4   143.3   159.9   215.6   236.8   249.7   258.8   270.0   285.3   310.5   399.5  1405.0  8908.1   7664.8     7614
read      368.9   643.5    74.4   118.3   132.0   251.8   312.5   350.9   385.5   434.0   511.5   688.5  3672.0  7824.5 12171.9  59989.2    60329
read      287.1   283.2    74.4   118.7   132.2   250.6   302.6   334.0   358.4   389.0   430.2   505.9  1034.9  4185.8  8056.9  43824.8    43762
read      361.9   640.7    74.4   117.7   130.8   245.3   308.1   346.7   381.9   430.7   504.9   661.0  3726.8  7957.4 12124.8  66882.0    67038
read      285.7   206.3    80.4   124.4   141.7   259.4   307.8   335.8   356.7   381.9   414.6   469.6   958.9  2772.5  7112.4  26148.2    26095
read      355.0   687.7    74.4   115.8   128.8   239.9   302.8   342.6   375.9   423.6   491.9   616.2  4438.4  8135.9 11435.7  70905.0    71173
read      259.1   147.5    74.4   123.8   138.9   237.7   286.0   312.3   332.0   356.4   390.3   450.1   631.6  2020.0  3468.0 109343.8   109276
read      246.6   144.0    80.4   135.8   154.2   231.5   262.5   279.0   291.4   306.7   326.8   362.8   589.0  2009.1  5639.8  13093.8    13150
read      286.9   242.0    74.4   115.0   127.8   240.4   300.4   337.0   367.6   410.1   472.9   579.1  1083.9  3081.0  7095.1  61384.8    61250
read      255.9   237.1    74.4   118.2   131.3   227.0   277.9   304.9   323.6   346.4   378.0   435.6   714.4  3830.5  8401.6  84436.0    84472
read      236.9   108.3    74.4   116.7   129.3   221.1   271.4   296.9   314.6   335.2   361.5   401.7   518.0   891.8  2003.4  81992.2    82226
read      290.4   242.9    74.4   122.9   140.1   263.3   313.1   341.3   362.2   386.5   417.8   467.9   911.5  3337.4  7684.9  27591.0    27671
read      313.6   557.6    74.4   120.8   135.6   239.0   291.8   321.3   344.7   374.3   420.0   516.6  1696.0  7149.1  9742.0  98728.8    98736
read      253.2   138.2    68.9   121.9   136.7   232.6   280.6   306.8   325.8   348.9   381.9   437.2   610.4  1642.2  3627.8 106224.6   106314
read      256.5   155.6    74.4   122.1   137.0   234.4   282.5   308.7   327.8   351.4   384.9   441.5   627.1  2170.9  4258.0 105124.4   105027
read      244.2   135.8    74.4   119.1   132.5   225.5   273.8   299.6   317.9   340.2   369.1   417.8   553.4  1540.9  4018.2  96733.8    96867
read      240.6   109.5    74.4   117.8   130.7   222.9   272.8   298.5   316.7   338.5   366.7   412.8   552.0  1076.2  1914.7  89709.4    89493
read      284.9   240.2    74.4   117.4   130.4   248.7   303.6   336.2   363.0   398.6   449.5   535.6   984.3  3211.3  7639.6  50397.0    50538
read      288.4   227.2    74.4   129.6   148.6   263.3   308.9   333.8   351.3   372.4   399.6   448.3  1030.4  3126.5  7636.1  22024.0    22083
read      273.1   195.7    74.4   118.8   132.6   247.0   297.5   326.8   349.0   379.8   422.5   495.2   756.5  2801.8  4741.7  48551.4    48618
read      260.2   217.5    74.4   119.4   133.2   229.3   279.6   306.9   326.6   351.3   386.1   453.1   810.6  3377.2  7287.5  94258.6    94298
read      322.0   422.5    74.4   117.8   131.2   248.6   310.0   347.3   380.3   426.3   496.4   624.3  1915.6  6033.4  8033.8  63475.8    63579
read      338.2   413.8    74.4   117.9   131.7   254.0   320.0   365.6   404.5   461.2   543.5   724.0  2083.1  5481.1  8095.6  64433.2    64573
read      240.8   129.5    74.4   116.9   129.5   223.0   274.5   300.2   317.9   338.7   365.2   407.0   544.3  1299.7  4788.0  77181.2    77178
read      280.3   226.8    80.4   125.4   141.4   257.2   301.0   326.5   346.2   372.1   405.4   465.1   768.0  2982.7  8099.2  29724.8    29824
read      422.2   816.2    74.4   119.4   133.8   253.8   317.6   360.4   397.6   451.9   536.3   870.6  5345.8  7948.0 12720.0  64548.8    64495
read      320.5   560.2    80.4   130.9   149.0   249.1   288.8   312.6   331.6   356.0   390.0   456.4  2269.8  8100.8 15127.0  20869.2    20917
read      244.4   126.2    74.4   117.8   130.7   224.2   274.7   301.3   319.7   342.3   371.8   425.2   616.6  1205.8  2781.6  85523.0    85651
read      284.1   292.1    74.4   116.1   128.7   240.5   299.6   334.2   362.6   400.1   454.8   540.0   932.5  4249.0  9038.1  61788.6    61935
read      286.8   314.6    74.4   117.7   130.5   248.1   302.2   335.2   362.1   396.0   442.1   521.4   868.2  4972.4 10767.3  50238.2    50216
read      387.4   759.3    74.4   118.3   132.2   246.4   309.7   351.5   389.3   438.6   512.6   672.1  5987.4  7796.2  9342.2  72410.6    72251
read      306.4   399.3    74.4   116.7   129.9   238.4   298.6   336.9   369.2   416.2   489.0   610.1  1438.4  6294.0  8050.5  71705.2    71798
read      296.1   292.2    74.4   131.1   150.1   259.7   303.7   327.9   345.0   366.8   395.6   449.0  1465.6  3999.9  7900.2  19891.6    19701
read      315.8   442.2    80.4   128.0   145.8   258.6   305.0   333.5   355.2   381.8   417.9   484.0  1898.5  7314.6  9881.4  24935.8    24952
read      284.6   395.8    74.4   118.9   132.3   232.5   285.3   313.5   334.4   360.6   398.8   492.9  1160.7  6867.8 10276.0  81699.2    81838
read      296.5   260.0    80.4   125.6   143.4   266.8   318.7   348.7   370.8   396.4   428.5   483.8   871.6  3861.9  7852.0  26675.4    26648
read      302.3   277.1    74.4   126.5   145.0   272.1   323.9   351.9   371.9   396.0   426.5   477.3  1083.5  4038.7  7812.5  24920.2    24837
read      304.1   302.6    74.4   122.9   140.5   267.5   321.2   353.8   377.5   405.0   440.9   504.3  1085.3  4425.0  8123.0  29502.8    29420
read      280.4   373.0    74.4   120.9   135.5   236.1   286.4   314.4   335.8   362.7   400.8   477.5   804.4  6425.7  9265.5 103616.6   103882
read      283.5   275.5    74.4   115.3   128.1   235.4   294.7   329.8   358.8   400.2   466.9   576.3  1002.7  3709.2  8447.2  70431.8    70314
read      426.0   701.4    74.4   120.3   135.8   267.1   338.3   392.9   443.6   515.8   630.5  1072.1  4281.4  7667.5  9702.2  61604.0    61679
read      292.3   340.5    74.4   116.7   129.9   247.8   301.9   335.0   361.8   396.2   443.9   529.0  1087.0  5339.2  9608.4  49644.0    49557
read      290.1   292.7    80.4   132.7   152.3   256.4   297.7   321.2   339.4   361.3   390.8   444.1  1138.7  4111.0  8948.6  19299.2    19325
read      238.3   168.3    86.8   146.5   164.6   223.8   246.9   260.8   270.9   283.9   300.6   332.3   530.3  2230.3  8867.4   9122.4     9128
read      300.1   492.3    74.4   120.5   135.0   238.0   290.2   319.0   341.2   368.9   409.1   500.0  1095.4  7196.9  9441.7  94960.2    94933
read      289.1   216.5    80.4   128.2   145.9   263.9   312.0   340.1   360.7   384.7   415.6   467.0   866.3  3025.0  7520.5  24338.0    24327
read      359.6   651.5    74.4   118.7   132.7   245.7   307.2   345.2   380.2   430.6   508.3   671.1  3489.5  7806.4  9887.5  71833.6    71896
read      257.2   213.4    74.4   118.8   132.3   227.9   277.3   304.1   322.9   345.9   378.6   438.6   762.6  3279.8  7088.7  94033.0    93771
read      273.4   182.8    74.4   128.4   147.4   253.0   294.6   318.0   335.8   356.4   383.3   428.3   743.0  2632.5  4332.8  20396.2    20452
read      275.2   245.3    74.4   119.2   132.9   247.9   295.2   321.7   343.6   371.5   410.5   480.9   793.3  3709.5  7726.3  42350.4    42338
read      408.0   803.0    74.4   119.5   134.1   252.8   316.5   361.5   401.6   457.3   538.8   742.2  6094.6  7905.2 10272.5  72714.8    72627
read      275.0   266.0    74.4   116.3   129.2   229.3   284.0   313.7   336.1   365.1   410.8   531.9  1187.8  3426.9  7665.6  80832.2    80603
read      270.0   182.9    74.4   116.3   129.3   245.7   297.2   327.5   351.3   381.7   424.0   493.4   692.9  2610.9  4781.7  48969.8    49049
read      263.0   279.4    74.4   118.0   131.3   227.9   278.0   304.7   323.5   346.4   379.4   440.5   790.8  4107.3  7771.5  92098.2    92305
read      281.8   304.9    74.4   113.9   126.3   243.4   300.0   333.7   361.2   397.4   449.5   537.4   834.4  4604.8 11842.6  56732.6    56889
read      245.5   142.4    74.4   116.3   129.1   224.2   275.7   301.9   319.7   341.3   369.7   421.5   636.0  1862.8  3195.6  77788.8    78036
read      239.9   115.8    74.4   117.2   129.9   225.8   276.5   301.3   317.9   337.5   362.3   400.7   516.5  1041.2  2979.9  71627.4    71583
read      236.4   102.4    74.4   116.4   128.9   223.5   274.1   298.6   315.2   334.4   358.4   395.6   495.5   799.6  2001.7  72382.0    72609
read      246.1   128.9    74.4   119.7   133.7   227.3   274.3   299.9   318.1   340.5   370.4   422.7   578.5  1538.9  3108.8 107099.4   107382
read      237.1   113.1    74.4   116.3   129.1   220.7   270.2   295.7   313.6   334.4   361.0   401.9   522.8  1072.6  2950.7  86730.8    86530
read      256.6   137.4    74.4   131.5   150.4   243.2   279.9   299.7   314.5   332.0   354.3   391.8   553.0  1902.9  3211.1  16527.6    16550
read      339.3   655.9    74.4   118.8   133.0   239.7   293.8   324.2   347.9   379.9   429.7   553.8  3886.9  7527.0 10246.4  84435.4    84534
read      250.1   169.2    74.4   116.6   129.3   226.9   279.1   305.2   322.8   343.8   371.8   425.9   670.6  2355.6  4425.0  72585.4    72631
read      269.9   168.8    74.4   116.9   129.8   247.3   300.0   330.4   354.5   385.5   427.3   495.3   670.5  2264.3  4333.5  49447.6    49291
read      291.0   254.2    74.4   115.3   128.3   243.6   304.7   341.6   372.5   414.4   472.8   578.0  1203.5  3308.8  7399.7  62315.8    62175
read      243.9   167.1    74.4   115.9   128.6   221.5   273.1   299.3   317.1   338.1   365.3   409.8   582.4  2539.3  5218.2  80261.6    80213
read      255.7   143.3    80.4   131.3   150.4   242.1   279.5   299.7   314.4   332.0   354.8   392.7   543.7  1877.2  3127.9  16613.4    16566
read      296.7   272.1    74.4   116.3   129.5   250.2   307.7   343.7   373.9   415.7   475.0   584.3  1231.1  3340.3  7722.7  54062.6    53985
read      265.3   264.3    74.4   120.0   134.1   231.2   280.6   307.4   327.0   351.3   386.1   451.6   747.3  3853.6  7625.8 101962.0   101949
read      269.3   203.4    80.4   128.0   145.2   249.9   290.8   315.0   333.8   356.3   386.1   432.2   593.9  2613.5  8926.8  24117.8    24076
read      298.2   323.6    68.9   115.0   128.3   249.8   309.6   347.0   378.7   419.7   476.6   573.4  1107.1  4791.7  9525.5  52570.0    52574
read      258.0   219.6    68.9   119.8   133.8   229.6   278.7   305.6   324.8   348.8   383.2   444.1   666.5  3450.4  6957.4 106308.0   106271
read      249.0   138.9    74.4   120.2   134.2   229.2   277.1   303.2   321.2   344.2   374.8   428.7   577.7  1802.6  3757.2 105287.2   105451
read      254.0   198.4    74.4   116.3   129.1   223.2   274.4   301.7   320.5   343.7   375.7   439.6   850.0  2879.0  5079.6  86081.8    86087
read      300.3   210.5    74.4   127.1   144.2   268.5   324.9   361.9   390.2   424.3   469.7   544.3   785.0  2820.5  7656.5  29213.6    29108
read      317.9   704.6    68.9   122.5   137.9   244.0   295.6   324.8   347.2   378.5   426.8   528.4  1339.1  7032.4  9672.0 100950.4   101115
read      236.1   107.9    68.9   116.8   129.5   222.9   272.7   296.8   313.3   332.2   356.0   394.0   498.9   810.0  2177.8  74312.6    74326
read      234.7    99.3    74.4   116.5   129.2   222.2   271.7   295.5   311.8   330.3   354.0   392.4   489.9   728.5  1643.6  75802.8    75832
read      238.0   106.6    74.4   118.1   131.0   221.5   270.0   295.2   313.0   333.9   361.2   404.3   527.2  1033.5  2352.1  94955.6    94901
read      229.9    85.0    80.4   140.7   160.2   226.8   247.6   259.3   268.0   277.7   292.5   316.7   385.6   809.4  3645.0  15790.4    15809
read      238.3    95.9    80.4   131.3   146.7   238.9   266.3   280.2   290.2   301.7   316.6   341.5   413.0   694.4  3057.6  28917.0    28874
read      241.1    93.0    74.4   123.0   136.5   238.6   280.4   299.5   312.6   327.4   345.3   374.0   453.5   675.8  1960.6  52041.0    51882
read      242.2    90.7    74.4   132.3   147.4   242.8   272.3   287.3   297.0   310.3   325.6   352.0   427.8   838.5  2371.0  32652.4    32653
read      239.7    96.7    74.4   124.5   138.4   240.4   274.9   291.4   302.8   315.7   333.1   360.3   433.1   872.3  2504.1  41692.8    41676
read      236.7    98.4    74.4   118.3   130.7   229.3   276.1   297.5   312.2   328.7   348.7   381.4   466.1   764.2  2722.7  62955.2    63019
read      235.3   114.3    74.4   117.3   130.1   218.7   266.3   291.3   309.1   329.7   356.7   400.6   519.6   928.1  3612.8  99378.6    99164
read      239.0    97.3    74.4   122.2   135.6   238.1   276.4   294.4   306.8   319.8   338.5   366.5   441.1   798.5  3215.7  46823.2    47055
read      236.9    99.8    74.4   118.3   131.0   229.1   276.3   297.8   312.5   329.1   349.3   382.8   469.5   679.5  2721.1  62435.8    62394
read      237.9   107.4    68.9   118.3   131.3   221.7   269.7   294.9   312.9   333.8   361.2   404.2   528.0   857.9  2035.6  98324.4    98519
read      237.9    88.4    74.4   128.1   142.5   239.1   268.4   283.2   293.2   305.6   319.8   345.3   420.7   869.2  2286.2  32068.6    32122
read      237.1    93.0    68.9   121.0   134.2   236.2   275.8   294.0   306.6   319.8   338.2   366.0   435.7   674.2  2481.9  49667.4    49464
read      233.4    91.4    80.4   133.0   148.5   233.5   258.0   270.6   279.6   290.6   304.8   327.9   397.0   736.4  4397.7  23988.8    24034
read      233.0    97.8    74.4   115.9   128.5   219.9   269.4   293.5   310.0   328.7   352.3   390.5   488.3   703.1  1810.7  77694.0    77363
read      232.9   101.5    74.4   116.4   129.1   217.4   266.0   291.1   308.7   328.8   354.4   395.3   499.3   720.9  2191.2  91781.0    91698
read      235.7    85.5    74.4   123.9   137.6   237.8   270.9   286.9   297.1   310.5   325.8   350.7   418.3   591.6  2076.9  39017.2    38997
read      233.6    99.8    74.4   116.0   128.7   218.5   268.1   293.1   310.5   330.3   355.3   394.8   498.3   884.0  1983.9  86315.6    86028
read      232.8   103.0    74.4   116.1   128.6   218.3   267.9   292.6   309.6   328.7   352.7   392.3   491.9   731.1  2446.1  83038.6    83012
read      225.7    77.0    80.4   140.1   158.4   222.9   242.9   253.9   262.9   272.4   286.8   310.8   378.3   678.1  2976.6  15018.0    15024
read      235.6   100.7    74.4   118.9   131.3   230.3   274.6   294.9   308.7   323.5   343.0   372.8   453.2   766.6  2411.1  56513.4    56640
read      235.6   107.5    74.4   117.2   130.2   219.7   267.8   292.6   310.2   330.7   357.2   400.0   514.7   871.6  2631.4  97441.6    97362
read      241.7   107.4    74.4   120.0   133.7   225.4   272.3   297.3   315.3   337.0   365.8   414.8   539.6   931.1  2431.2 107577.4   107412
read      236.0   105.2    74.4   117.6   130.2   227.0   274.8   296.8   311.8   328.5   349.0   383.2   470.0   853.5  2392.5  64940.6    65030

Total QPS = 58262.5 (65836632 / 1130.0s)

Total connections = 64
Misses = 65836632 (100.0%)
Skipped TXs = 0 (0.0%)

RX  197509896 bytes :    0.2 MB/s
TX          0 bytes :    0.0 MB/s
Warning! Detected max cpu usage > 95%
CPU Usage Stats (avg/min/max): 99.84%,10.15%,100.00%
