Timestamp start: 1778758032897
Timestamp end: 1778759163234

#type       avg     std     min      p5     p10     p50     p67     p75     p80     p85     p90     p95     p99    p999   p9999      QPS   target
read      229.5   131.3    86.8   144.8   160.7   215.5   236.5   250.1   259.9   271.6   289.0   318.8   532.8  1964.5  4166.9   6830.2     6927
read      269.0   164.7    74.4   115.3   128.0   242.9   295.7   327.8   353.9   388.5   434.3   511.4   728.8  2017.2  3486.6  52806.2    52892
read      263.0   279.4    74.4   116.8   129.9   223.7   273.1   299.9   319.3   343.7   379.0   450.9   920.2  3659.6  7849.0  98711.0    98921
read      291.6   224.3    74.4   116.4   129.6   244.6   306.3   345.0   379.5   426.7   492.7   600.8  1092.2  2579.8  4304.5  61116.2    61129
read      318.0   238.4    74.4   118.3   134.4   281.8   357.1   399.6   429.8   464.1   509.6   581.8   862.0  3264.1  5692.9  40614.6    40613
read      267.9   171.7    74.4   115.5   128.1   242.4   295.5   327.1   352.8   386.9   432.9   508.1   698.1  2030.6  4272.9  53347.2    53226
read      307.5   190.4    68.9   118.4   134.5   277.7   347.7   388.6   417.4   451.2   495.4   563.0   792.4  2249.2  3376.1  38639.0    38560
read      298.4   471.3    74.4   119.8   134.1   237.4   289.5   319.2   342.8   373.6   420.5   518.4   966.5  6853.3  8564.5 103282.8   103465
read      240.8   113.8    74.4   118.1   131.2   221.8   269.0   294.6   313.7   337.0   368.7   422.8   567.7  1193.2  2370.7 104625.2   104758
read      236.6   121.4    74.4   116.2   128.9   217.5   266.1   292.0   310.5   332.2   361.1   406.6   548.0  1253.7  3155.4  94909.0    94759
read      305.6   224.1    74.4   120.1   136.0   272.3   335.9   375.5   404.5   438.4   483.1   555.2   800.5  2983.5  7443.1  38002.6    37799
read      231.6   112.4    86.8   143.1   159.6   219.5   243.3   257.3   268.4   281.4   297.7   328.5   478.6  1922.4  3082.1   8267.8     8296
read      281.8   220.9    74.4   115.5   128.3   236.6   298.5   337.3   369.9   415.5   480.3   582.7   879.4  3070.1  5488.1  69245.8    69443
read      245.9   108.6    80.4   136.3   154.6   235.8   267.5   285.1   297.1   312.7   332.3   365.0   487.3  1321.0  3080.2  12539.6    12517
read      260.7   140.7    74.4   117.9   130.7   243.9   292.0   319.1   340.8   367.8   403.6   463.0   613.9  1540.7  3369.7  43616.0    43591
read      265.2   170.9    74.4   129.6   146.7   248.9   288.6   311.2   327.9   347.6   374.7   420.5   567.5  2168.0  6905.0  20565.0    20430
read      274.6   403.8    74.4   117.6   130.7   227.3   277.5   305.0   324.7   349.6   386.3   456.3   771.6  6522.7  8009.7  93795.6    93758
read      241.8   132.3    80.4   140.4   158.7   229.0   256.7   272.5   284.7   298.0   318.0   351.3   516.4  1811.6  4308.5  10545.4    10485
read      264.0   136.1    74.4   132.3   151.5   251.6   290.0   311.1   326.0   344.0   368.9   404.6   559.7  1686.2  3734.7  16506.2    16518
read      302.8   543.7    74.4   116.2   129.3   229.3   280.5   308.9   330.4   358.4   401.1   502.5  1831.6  6926.8  8319.1  83284.2    83230
read      218.7   117.0    86.8   144.7   158.1   207.5   227.4   238.4   248.1   259.2   273.4   298.6   453.1  1634.2  4303.3   5466.0     5484
read      274.2   183.9    68.9   115.5   128.1   242.1   297.6   331.8   360.3   398.0   450.8   537.4   806.3  2114.4  4059.1  55496.2    55611
read      272.9   129.4    74.4   129.7   148.6   259.4   303.3   328.0   345.5   366.9   393.9   434.5   572.2  1724.0  2986.5  20728.4    20774
read      290.8   493.5    74.4   118.5   132.2   230.6   281.0   309.5   330.9   358.3   397.5   476.3   874.1  6900.9  9353.6  96717.8    96726
read      296.3   175.1    74.4   122.7   139.5   273.2   332.3   366.9   392.0   421.5   459.2   520.5   699.6  2255.5  3744.6  32549.4    32442
read      294.3   510.3    74.4   116.6   129.4   230.2   282.2   308.9   328.1   352.0   387.8   464.2  1700.8  6887.4  9003.3  73038.0    73039
read      232.6   112.3    74.4   114.7   126.7   218.4   268.2   292.8   309.8   329.1   353.5   392.4   490.3   936.8  2880.0  74068.4    74055
read      272.6   188.0    74.4   116.5   129.0   245.4   298.9   330.7   356.9   391.3   436.0   509.9   748.0  2075.7  5605.9  51099.2    51197
read      284.1   213.5    74.4   115.9   128.7   244.0   303.5   340.3   371.8   415.3   474.4   576.7   924.3  2611.1  6538.8  59594.8    59442
read      301.1   206.3    74.4   120.5   136.9   269.9   332.1   370.4   398.0   430.9   472.3   543.3   836.7  2665.9  5556.8  35685.4    35654
read      304.5   566.7    68.9   116.0   129.1   229.9   281.0   308.9   329.8   356.9   397.8   489.9  1993.3  6957.1  9160.4  78736.0    78747
read      271.6   209.5    74.4   118.2   131.5   247.6   295.4   323.9   346.3   374.7   412.7   473.2   681.0  3206.5  6194.8  42242.2    42212
read      289.7   234.7    74.4   116.6   129.8   250.7   309.5   346.5   378.4   418.1   469.3   561.0   938.9  3243.4  7367.2  52722.8    52488
read      316.1   225.8    74.4   119.6   137.0   286.0   357.5   396.4   424.1   456.8   499.4   566.1   792.0  2800.7  7357.1  36984.6    36950
read      259.9   149.5    80.4   133.6   153.6   245.9   281.7   301.8   316.6   335.3   360.2   399.5   557.1  1964.9  4829.1  16736.6    16762
read      314.4   606.8    74.4   117.5   130.6   232.7   283.9   312.0   333.5   361.5   403.2   501.5  2590.2  7036.1 13534.3  79605.8    79473
read      297.9   301.5    74.4   115.4   128.3   242.2   300.9   337.8   369.8   415.4   482.1   602.5  1368.2  4560.4  7768.1  61237.4    61431
read      252.0   201.6    74.4   118.0   130.6   225.0   275.3   301.8   320.3   343.7   374.9   433.0   689.2  2829.5  6407.5  87361.0    87172
read      241.7   135.2    74.4   118.7   131.8   221.6   268.0   293.5   312.4   335.4   366.7   419.7   571.2  1475.7  3915.1 108303.6   108181
read      242.4   166.4    74.4   114.0   126.1   217.7   268.4   294.5   313.0   335.1   365.3   420.2   663.1  2256.5  4839.7  80555.2    80515
read      308.6   246.9    74.4   119.5   135.9   273.9   340.0   379.8   408.0   441.2   484.8   552.1   804.8  3612.2  7335.2  37041.4    37149
read      248.5   147.4    74.4   137.0   155.4   234.3   266.2   284.3   296.7   313.3   334.5   369.6   529.3  1925.0  7375.6  13454.0    13444
read      312.6   510.1    74.4   115.3   128.2   234.7   293.7   330.4   362.2   407.7   478.6   592.0  1546.9  6959.2  9493.0  72067.8    72057
read      272.0   185.5    74.4   114.0   126.2   231.8   293.7   333.4   367.9   415.2   480.2   572.0   746.6  1790.7  4875.1  70055.6    70041
read      249.0   148.4    74.4   117.0   129.9   223.5   273.8   300.7   319.6   343.3   376.0   438.4   741.6  1902.4  2974.8  90044.0    90162
read      278.0   177.3    74.4   117.3   130.4   249.4   305.1   339.0   366.9   402.4   452.0   535.6   783.6  1906.0  5024.7  52082.4    52082
read      283.0   155.1    80.4   126.0   144.5   264.6   313.6   341.2   361.8   385.7   416.3   465.9   657.7  2209.8  3231.1  24177.8    24258
read      297.1   506.3    74.4   117.4   130.6   234.6   285.7   312.1   331.9   357.1   395.3   483.2  1508.6  7181.4 10102.4  71896.8    72013
read      279.7   196.3    68.9   115.6   128.5   244.1   302.2   338.9   370.0   411.4   468.2   560.6   829.8  2216.0  5177.1  57893.0    58012
read      270.3   186.1    74.4   117.0   130.0   246.5   296.5   326.6   350.2   381.3   422.1   486.9   691.8  2680.9  4715.3  45347.2    45398
read      277.9   192.3    74.4   117.0   130.2   248.2   301.8   335.2   362.6   397.0   442.7   521.4   801.4  2531.3  4332.2  50398.8    50177
read      308.2   207.6    74.4   122.3   139.8   278.7   342.1   379.8   405.8   437.0   478.5   546.3   842.6  2821.7  5230.2  34521.0    34504
read      322.5   467.7    74.4   118.0   131.7   249.2   310.6   350.6   385.2   430.8   494.8   604.4  1646.3  6617.5  8878.3  65987.8    66010
read      247.3   171.6    74.4   115.9   128.6   225.7   275.6   300.8   318.2   339.6   368.4   421.3   656.4  2238.3  4620.8  73837.4    73937
read      283.0   232.0    74.4   115.8   128.5   245.4   302.7   338.3   368.0   406.5   459.9   546.8   882.9  3461.8  7047.4  55005.2    55020
read      261.5   156.9    74.4   115.3   127.7   240.8   293.4   323.5   347.5   379.6   422.5   486.9   627.2  1523.1  4594.5  53188.0    53235
read      251.3   199.9    74.4   117.6   130.7   223.4   272.1   298.3   317.5   341.6   374.3   434.1   680.9  2913.1  6810.7  97827.2    97743
read      218.7    89.0    86.8   146.5   160.2   209.0   228.2   238.9   248.3   259.3   273.7   301.0   448.0  1249.7  2918.6   5338.6     5419
read      255.9   131.3    74.4   134.1   153.6   243.2   278.5   297.5   312.1   328.9   350.7   388.8   564.6  1588.1  2978.0  14664.6    14764
read      230.7   137.8    80.4   143.8   159.6   219.0   242.2   255.7   266.4   278.2   294.8   323.9   481.8  1547.7  4851.3   7462.0     7451
read      266.3   144.9    74.4   117.1   129.8   245.9   296.7   326.8   350.8   382.4   425.0   494.3   665.0  1646.1  3179.0  48212.8    48208
read      261.7   144.9    80.4   133.7   153.3   246.6   284.0   304.8   319.3   338.5   363.8   402.5   580.7  1932.4  4923.2  16167.6    16149
read      287.3   486.8    74.4   116.1   128.8   226.2   278.0   305.5   325.2   350.0   387.5   465.7  1147.5  6695.2  8735.8  79177.6    78989
read      264.8   203.9    74.4   128.1   145.9   245.5   284.2   305.6   320.6   340.2   365.6   405.6   682.1  2724.8  7783.6  18869.6    18886
read      311.5   538.7    68.9   114.6   127.7   231.6   287.7   318.9   343.7   377.8   433.2   549.8  2268.9  6985.2  8421.6  75900.6    75954
read      259.3   174.5    74.4   114.5   127.3   240.6   287.5   314.3   335.3   361.6   396.3   453.5   634.3  2125.4  5375.6  44395.4    44409
read      250.7   144.3    74.4   129.7   147.6   235.6   269.8   289.1   303.2   319.6   342.1   379.8   587.3  2138.5  3710.0  16429.6    16431
read      330.9   582.6    68.9   117.2   130.6   234.6   289.4   320.7   345.8   382.0   441.1   586.7  3356.8  7167.7  9464.2  85665.6    85707
read      279.2   299.7    74.4   112.4   124.3   240.2   295.4   328.7   356.0   391.8   439.7   521.7   824.6  5174.9  8094.9  58214.4    58253
read      248.5   208.8    74.4   116.3   129.3   218.8   266.5   292.6   311.7   334.8   366.5   425.4   729.8  3204.1  6609.5 103683.0   103867
read      263.0   148.3    74.4   127.2   144.4   246.6   286.8   310.0   327.0   347.2   375.2   420.1   602.9  1912.2  3350.6  21757.0    21604
read      294.1   486.7    74.4   116.0   129.2   226.3   277.3   305.4   325.9   352.5   392.1   483.7  1896.8  6894.9  8397.3  90594.6    90401
read      229.8   114.8    68.9   113.2   124.8   213.0   263.2   288.3   305.9   326.0   351.9   394.3   506.8   921.2  2517.3  84510.8    84467
read      233.9   124.4    74.4   114.8   127.2   214.3   262.3   287.9   306.2   327.8   356.7   402.7   544.5  1322.0  3718.3  99850.8    99700
read      283.7   161.5    74.4   118.1   134.9   264.0   319.2   352.2   375.6   402.2   436.2   490.8   632.6  2161.0  3693.7  32008.4    32052
read      253.7   155.4    74.4   127.2   144.5   237.9   274.3   295.2   310.3   327.8   350.8   388.3   582.8  2403.4  4501.8  18218.6    18173
read      300.4   400.6    74.4   112.3   124.3   234.3   293.6   328.6   358.8   400.5   461.1   571.5  1760.2  6171.8  8088.6  67774.8    67789
read      272.6   257.0    68.9   113.3   125.2   239.7   293.0   323.6   348.5   381.1   424.2   498.8   810.9  3873.4  8102.0  51944.0    51929
read      239.5   201.5    74.4   112.8   124.7   214.8   265.9   292.1   310.5   332.1   360.9   410.1   585.9  3133.3  7368.8  83999.0    83850
read      252.7   138.5    74.4   126.6   143.6   240.0   277.6   297.7   312.7   330.0   352.0   389.0   538.3  1907.3  3119.7  18696.0    18614
read      277.4   215.3    74.4   119.8   136.1   252.7   298.7   326.5   347.0   372.8   406.0   460.4   800.3  2840.4  7956.5  29271.6    29315
read      333.8   629.1    68.9   119.7   134.9   239.4   290.2   320.7   346.0   381.3   434.4   532.4  3458.2  7653.2  9813.0 107710.0   108090
read      269.0   171.8    74.4   119.9   136.7   251.0   296.3   322.6   342.5   366.1   395.2   438.1   623.6  2272.5  7144.6  27015.0    27024
read      297.0   296.5    68.9   113.9   127.3   250.0   306.3   341.8   371.4   409.5   462.6   560.1  1404.2  4098.8  7803.4  49899.4    49907
read      220.3    96.2    80.4   135.1   150.9   211.4   233.9   247.6   257.1   269.1   284.6   310.2   424.6  1434.7  2509.9   9176.6     9150
read      289.3   190.6    74.4   116.5   132.7   264.9   321.7   355.9   380.3   408.2   443.3   501.6   800.9  2468.1  4000.5  34128.2    34328
read      268.9   183.7    74.4   113.2   125.6   242.1   295.2   326.8   352.7   386.5   431.5   505.2   726.5  2453.7  4853.9  51794.2    51881
read      240.2   121.7    80.4   130.2   148.2   228.6   259.1   275.8   289.1   304.4   324.2   359.1   493.8  1808.8  3468.1  14525.0    14569
read      274.6   421.1    68.9   114.3   126.6   222.5   274.0   301.9   321.7   347.0   386.0   467.5   942.4  6812.7  8639.2  81350.2    81517
read      229.4   115.7    74.4   113.3   124.9   214.6   264.6   289.2   306.1   325.1   349.2   388.8   480.2   737.2  4003.7  78616.6    78694
read      247.6   226.9    74.4   114.0   126.3   215.7   265.8   292.1   311.4   334.5   366.2   425.4   737.9  3279.5  7513.7  93228.6    93409
read      305.5   252.4    74.4   113.6   128.9   270.7   339.0   377.3   403.5   434.1   472.0   538.3  1031.2  3437.3  7439.9  39106.0    39093
read      249.5   131.8    74.4   124.9   141.9   236.4   273.4   294.1   309.4   326.7   348.4   386.1   512.8  1872.3  2984.0  18709.2    18729
read      314.5   509.2    74.4   111.9   123.7   231.9   291.8   327.6   358.3   399.9   461.0   569.7  2808.3  6615.8  8113.0  70557.8    70818
read      272.1   196.2    74.4   123.8   141.9   254.1   298.3   322.2   339.7   360.5   387.1   429.3   612.2  2922.2  6875.1  21992.0    21942
read      313.8   582.6    68.9   116.3   129.8   229.7   281.0   310.1   332.3   361.7   403.9   500.6  3276.7  7084.1  9191.5  91812.2    91810
read      302.9   214.8    68.9   114.0   129.7   274.2   342.5   381.5   408.6   439.2   477.9   540.7   792.5  2861.1  7149.9  39690.4    39588
read      323.5   314.5    74.4   113.9   129.8   280.4   355.0   395.4   423.6   456.0   498.5   568.8  1270.4  4563.8  7950.6  40889.4    40957
read      284.8   294.1    68.9   112.6   124.6   236.7   292.9   325.5   352.4   390.1   445.0   548.7  1261.4  4256.5  7741.5  62764.8    62645
read      244.5   129.0    80.4   129.1   147.1   231.9   264.0   282.0   294.9   311.3   332.6   368.4   518.1  2029.9  3798.2  15439.0    15539
read      317.0   534.2    74.4   121.8   137.2   242.0   293.4   323.3   346.9   379.6   429.4   530.7  3019.3  6899.6  8683.6 107269.6   107672
read      284.6   193.1    74.4   116.3   132.3   262.4   318.0   350.6   373.2   399.9   433.5   486.2   690.3  2372.2  7123.5  32872.0    32954
read      274.9   196.4    74.4   112.6   124.7   241.6   299.7   335.1   364.8   403.7   457.9   545.1   794.5  2436.9  6027.9  58862.2    58866
read      268.2   145.9    74.4   121.8   139.5   252.0   296.8   322.2   340.7   362.4   390.0   434.0   627.5  1878.1  4093.2  23735.4    23739
read      267.2   176.8    68.9   113.0   125.2   241.3   293.7   324.2   349.2   383.3   429.8   504.8   728.2  2304.2  4018.4  54702.2    54701
read      278.5   220.8    74.4   113.2   125.4   241.6   298.8   334.0   364.1   404.2   461.7   554.0   862.4  3031.9  7481.8  60731.8    60706
read      254.0   177.8    74.4   113.7   125.7   225.9   279.9   307.8   328.2   354.7   394.2   474.1   711.8  2317.4  5148.2  72508.8    72350
read      276.3   206.1    74.4   113.0   125.5   242.9   297.9   332.3   360.6   397.5   449.0   537.1   876.5  2834.1  5620.2  58717.6    58661
read      293.5   206.7    74.4   117.2   133.4   264.5   322.1   358.7   385.2   416.2   455.4   519.3   853.4  2746.7  4660.4  35045.6    34912
read      264.0   331.3    74.4   116.9   130.2   224.3   273.9   301.4   321.0   346.3   383.5   453.0   732.4  6265.2  8467.2 103475.0   103268
read      294.8   198.2    74.4   114.7   130.3   267.6   330.3   368.1   395.2   426.2   465.0   529.0   736.6  2630.9  5198.8  38639.4    38703
read      301.1   567.9    74.4   114.8   127.5   224.1   275.9   304.3   324.5   350.0   388.0   467.0  2761.4  7301.3  8774.7  83388.8    83358
read      276.1   206.3    68.9   114.0   126.7   244.5   299.2   332.8   360.9   398.1   449.8   536.4   831.1  2478.2  6049.3  57441.8    57408
read      355.4   731.2    74.4   118.4   132.2   236.7   289.9   319.7   343.1   373.7   423.7   539.8  5136.3  7742.8 11896.6  86705.8    86837
read      293.8   201.1    74.4   118.6   135.5   268.1   326.8   361.5   386.4   414.7   450.7   507.1   738.1  2808.3  6055.9  33386.4    33517
read      291.2   357.5    74.4   112.9   125.2   236.1   293.4   327.6   356.5   395.9   453.0   547.4  1370.8  5361.4  7987.4  66132.6    66204
read      349.2   681.7    74.4   114.4   127.6   237.9   297.1   334.1   365.3   406.9   469.1   589.1  5194.8  7545.6  8593.4  73872.6    73758
read      268.6   287.8    74.4   118.2   131.5   227.7   277.6   305.7   326.5   353.0   392.2   470.3  1041.7  4043.0  8103.7  99769.2    99742
read      251.5   152.2    74.4   121.3   135.4   228.6   275.2   301.6   320.5   345.0   378.9   436.6   633.5  1886.0  4243.5 109392.4   109462
read      243.3   119.2    74.4   118.6   131.6   223.6   272.2   298.2   317.2   340.2   370.8   424.6   590.8  1254.5  2450.7  94539.8    94453
read      278.5   218.4    74.4   119.8   133.5   252.3   303.2   334.5   359.3   390.3   431.3   502.8   743.2  2330.8  7995.2  44029.0    44096
read      256.9   233.5    74.4   118.4   131.5   224.6   273.4   299.8   319.2   343.8   378.3   442.7   754.4  3485.3  7696.6 100448.4   100467
read      232.1   164.8    74.4   141.5   159.5   218.4   240.0   252.8   262.8   273.5   290.8   318.0   466.9  2846.3  7621.1   8593.0     8576
read      268.0   219.9    74.4   115.7   128.4   240.3   293.9   324.0   347.5   380.1   426.2   502.7   729.1  2507.2  9456.9  59250.2    59359
read      222.4    95.3    86.8   142.3   157.4   213.6   234.9   248.1   257.4   269.2   284.7   310.8   399.5  1520.3  2602.2   7645.2     7614
read      308.7   332.3    74.4   115.4   128.7   247.1   308.8   347.6   384.0   433.1   506.6   628.7  1490.9  4320.2  8404.4  60074.2    60329
read      299.3   297.7    74.4   117.6   131.5   255.2   311.5   346.4   375.2   411.4   461.0   552.7  1172.2  4404.3  7890.1  43797.0    43762
read      352.0   565.7    74.4   115.6   128.9   242.9   306.0   347.7   388.1   444.0   526.7   712.0  3131.9  7460.6 10685.7  66898.4    67038
read      289.2   252.3    80.4   121.6   139.1   261.2   311.5   339.2   359.5   383.0   413.1   462.5   961.3  3457.8  7914.5  25922.4    26095
read      375.7   703.5    74.4   117.5   131.2   244.5   304.8   343.9   378.0   427.1   505.7   695.2  4745.2  7690.4 10010.5  71159.0    71173
read      245.9   141.6    74.4   120.1   134.1   225.6   271.5   296.8   315.7   339.1   370.7   425.4   578.6  1757.9  4765.6 109578.0   109276
read      242.7   159.3    80.4   133.1   151.2   227.1   257.0   273.7   287.1   302.3   321.6   357.3   554.9  2242.7  7175.4  13171.2    13150
read      348.9   541.1    74.4   114.9   128.1   247.7   311.0   354.2   393.9   446.9   526.7   695.6  3084.3  7224.9  8442.6  61107.0    61250
read      243.3   182.0    74.4   114.7   126.9   217.1   267.7   294.2   313.3   336.3   367.2   424.4   674.2  2388.6  6826.4  84558.2    84472
read      232.6    96.8    74.4   115.0   127.3   217.8   267.2   292.4   310.0   330.3   356.8   398.3   503.6   713.1  1299.3  82153.2    82226
read      288.7   270.6    74.4   120.8   138.1   258.5   308.7   337.6   358.8   383.3   414.6   465.1   902.2  4216.9  7895.7  27769.8    27671
read      321.2   571.6    68.9   121.1   136.0   242.6   296.8   329.3   354.5   387.4   434.0   544.3  1844.3  7519.3 10047.4  98662.4    98736
read      242.6   152.6    74.4   118.2   131.4   221.8   268.7   294.0   312.7   335.4   366.3   418.9   564.3  1923.5  5682.5 106375.6   106314
read      238.3   128.6    74.4   117.1   130.0   218.5   265.3   290.6   309.1   331.3   361.7   412.4   553.8  1585.7  3077.5 105008.2   105027
read      240.4   134.0    74.4   117.9   130.9   220.8   268.6   294.2   312.7   335.0   364.8   414.3   549.7  1541.1  3828.6  96950.6    96867
read      233.9   104.6    74.4   115.4   128.0   216.9   266.0   291.4   309.4   330.3   358.1   402.4   525.6   949.4  1913.3  89642.0    89493
read      280.0   232.0    74.4   115.1   127.9   244.6   297.5   330.0   356.9   392.6   441.2   528.3   991.8  3209.1  7416.9  50705.4    50538
read      273.7   187.7    80.4   127.1   145.2   251.8   295.9   320.1   338.8   360.7   388.7   432.1   811.0  2485.4  7523.5  22091.6    22083
read      339.0   470.4    74.4   117.2   131.5   259.8   320.9   363.0   397.9   441.6   506.4   640.5  2176.4  7368.3  9371.8  48655.8    48618
read      252.2   220.7    74.4   116.8   129.7   220.8   270.0   296.4   316.0   340.3   373.6   439.3   761.1  3338.0  6927.2  94162.6    94298
read      290.5   268.3    74.4   114.8   127.8   242.1   302.0   339.9   371.5   414.9   474.4   579.8  1214.5  3190.4  7799.4  63553.6    63579
read      295.5   308.2    74.4   115.9   128.8   242.0   303.9   343.4   376.9   423.5   487.1   591.8  1141.8  4241.7  9854.8  64582.6    64573
read      268.0   277.1    74.4   116.1   128.8   226.7   279.2   306.5   326.1   351.1   389.7   483.3  1053.1  4170.7  7603.3  77097.6    77178
read      292.6   228.8    74.4   122.5   140.1   268.0   320.2   351.3   373.4   400.3   434.0   489.2   694.0  3357.3  7758.0  29819.4    29824
read      312.5   406.3    74.4   114.6   127.3   240.6   301.4   340.3   374.5   424.7   494.7   622.6  1817.0  6158.2  9540.3  64550.8    64495
read      344.8   534.8    74.4   128.5   147.7   260.7   306.9   333.2   352.5   376.8   413.2   525.9  2814.7  7643.2  9109.8  20912.4    20917
read      362.6   764.6    74.4   118.5   132.7   240.2   293.7   326.3   352.8   390.4   450.0   581.9  4590.2  9341.2 13762.7  85742.0    85651
read      313.9   414.4    74.4   115.4   128.2   244.5   306.9   346.9   383.6   430.6   499.0   624.3  1676.4  6046.1 12131.0  62046.8    61935
read      285.2   280.9    74.4   115.2   128.1   245.6   299.6   333.3   361.1   396.9   444.4   526.1   997.0  3901.0  7821.4  50354.8    50216
read      378.3   757.2    74.4   115.5   129.0   242.3   304.0   346.2   385.0   436.9   508.3   639.7  6012.7  7747.9  9351.0  72190.4    72251
read      287.8   339.4    74.4   115.2   127.8   231.3   287.7   319.1   344.9   382.2   444.0   571.8  1398.9  4980.0  9499.8  71668.6    71798
read      269.9   198.8    80.4   130.4   148.6   246.7   286.1   309.6   326.9   347.4   374.4   422.1   744.4  2789.6  7663.9  19765.0    19701
read      292.4   266.8    74.4   125.9   143.8   258.3   307.9   336.5   357.9   383.3   415.5   468.7  1070.6  3631.1  7897.2  24880.0    24952
read      303.6   538.3    74.4   116.5   129.6   230.2   281.7   309.8   330.8   357.8   398.5   493.3  2308.6  7386.3  9180.5  81601.2    81838
read      290.5   248.7    80.4   124.0   141.6   259.5   309.5   338.8   360.9   386.7   419.7   472.3  1010.3  3350.2  7950.8  26622.6    26648
read      286.5   222.4    74.4   125.9   144.0   256.7   305.7   334.7   356.4   381.9   413.8   467.0   933.5  3174.1  7135.3  24927.6    24837
read      307.0   285.9    74.4   120.7   138.1   272.3   331.8   363.4   385.6   411.4   445.1   502.7  1127.3  3811.9  7944.5  29494.8    29420
read      291.8   440.5    74.4   119.9   134.1   233.8   284.5   313.6   336.4   366.5   412.5   515.5  1115.6  6813.1  9482.3 103906.8   103882
read      288.7   325.4    74.4   113.8   125.9   232.9   293.8   332.8   367.3   416.0   483.2   584.6   948.3  5937.7  7868.7  70307.8    70314
read      308.5   403.9    74.4   113.6   125.9   241.4   302.4   342.4   378.1   425.9   490.7   600.3  1575.8  6194.1  8107.9  61655.4    61679
read      295.5   373.4    74.4   115.3   128.6   248.5   304.1   339.3   367.8   403.1   450.4   533.9  1072.7  6144.4 11745.9  49702.8    49557
read      273.1   204.9    80.4   129.9   148.8   254.3   295.9   318.7   335.7   355.5   381.9   427.1   636.2  2678.0  8095.6  19301.8    19325
read      230.8   132.8    80.4   138.7   155.1   217.7   242.6   256.9   267.9   280.4   296.7   326.4   512.1  1953.8  4651.5   9109.6     9128
read      270.4   393.7    74.4   117.0   130.1   224.7   273.6   300.6   320.0   344.6   379.7   446.5   754.4  6442.2  8908.5  94619.6    94933
read      286.5   224.8    80.4   125.1   143.8   259.1   307.9   335.5   355.5   378.9   409.4   460.5   882.4  3225.1  7576.5  24266.2    24327
read      346.0   590.6    74.4   116.0   129.3   242.8   304.3   345.1   382.8   434.6   510.3   641.7  3238.6  7287.4  8666.4  71889.8    71896
read      255.8   244.5    74.4   115.9   128.8   221.7   271.4   297.9   317.5   341.7   374.6   443.0   882.2  3467.4  8880.6  93837.2    93771
read      264.0   166.3    80.4   129.4   147.4   242.8   282.1   305.2   322.1   343.7   372.2   421.4   689.3  2319.9  3890.6  20401.0    20452
read      266.3   211.4    74.4   116.9   129.8   241.9   287.4   313.7   334.7   361.8   398.5   459.0   715.5  3080.2  6343.6  42491.0    42338
read      392.9   790.6    74.4   117.6   131.5   245.7   306.9   349.1   388.5   441.3   514.4   671.1  6031.3  8048.9 11497.9  72552.4    72627
read      284.5   340.9    74.4   117.5   130.8   229.5   283.0   312.4   334.9   364.4   412.0   546.3  1408.8  4996.5  9247.8  80579.8    80603
read      289.7   311.2    74.4   118.1   131.8   249.6   302.0   335.0   362.5   398.4   447.9   534.0   997.6  4115.4  9696.8  49151.8    49049
read      265.1   279.1    74.4   116.8   130.3   226.1   276.7   304.2   323.9   348.8   385.7   460.9   914.4  3942.6  7924.1  92386.0    92305
read      270.9   176.7    74.4   113.3   125.4   239.9   296.0   330.8   360.5   399.7   453.1   537.1   766.3  1937.5  4087.0  56770.0    56889
read      344.3   717.1    74.4   116.9   130.4   234.0   285.9   314.7   337.3   366.8   412.7   514.0  6014.2  7557.3  9179.7  77918.4    78036
read      232.1   110.8    74.4   114.0   125.8   219.3   268.3   291.8   308.1   326.5   349.6   388.3   487.9   949.4  3349.3  71509.2    71583
read      230.3    96.4    68.9   113.6   125.3   218.2   267.8   291.6   308.0   326.2   349.1   386.5   475.1   762.6  1626.2  72703.0    72609
read      239.4   117.9    74.4   117.6   130.8   221.2   267.7   292.8   311.3   333.7   364.5   416.6   551.2  1191.2  2919.4 107293.6   107382
read      246.8   227.4    74.4   113.3   125.3   216.9   267.0   293.3   312.2   334.9   366.1   425.3   706.1  3533.7  6549.4  86585.6    86530
read      252.8   161.9    74.4   130.9   149.0   235.2   270.2   290.5   305.9   323.9   348.4   389.2   578.6  2147.2  7493.3  16615.2    16550
read      286.9   468.7    74.4   115.1   128.1   226.1   277.2   305.0   325.3   351.3   391.1   475.2  1265.8  6827.9  8666.2  84574.0    84534
read      265.1   189.2    74.4   111.7   122.9   225.1   285.6   321.4   353.6   397.8   459.4   548.6   741.7  2469.0  5491.6  72558.8    72631
read      271.4   211.7    74.4   114.3   126.8   243.3   295.0   326.4   352.3   385.2   428.0   496.5   733.7  2847.3  7476.4  49430.6    49291
read      284.3   241.4    74.4   113.5   125.9   240.7   301.0   339.7   372.6   416.3   474.1   571.2   985.5  3178.5  7268.6  62303.0    62175
read      239.2   142.6    74.4   114.6   126.9   219.2   269.3   294.9   312.8   334.0   362.0   408.0   582.3  1792.8  3884.6  80199.0    80213
read      249.9   118.8    80.4   128.7   147.0   238.6   274.2   294.0   308.5   324.8   345.9   382.2   502.0  1632.9  3965.2  16705.6    16566
read      287.4   244.3    74.4   113.7   126.7   247.4   304.9   341.9   373.4   413.9   468.1   565.3   971.9  2976.7  7856.1  53924.4    53985
read      256.6   267.8    74.4   115.8   128.9   219.6   267.8   294.1   313.7   337.9   371.3   433.4   831.9  3482.0  7787.5 101981.4   101949
read      276.0   204.0    74.4   125.7   143.6   255.8   302.1   328.2   346.7   370.1   399.1   447.4   647.9  2426.7  9192.6  23991.0    24076
read      256.1   168.0    68.9   112.6   124.3   235.3   284.9   313.1   335.8   365.9   405.6   467.2   626.0  2109.0  6200.0  52546.6    52574
read      257.7   230.7    74.4   118.3   131.7   225.8   274.2   301.1   320.2   345.2   381.6   448.8   725.0  3467.0  7324.3 106227.0   106271
read      236.7   128.9    74.4   116.3   129.2   217.5   264.3   289.6   307.9   329.8   359.9   409.7   551.1  1316.7  2928.0 105430.6   105451
read      243.4   179.3    74.4   113.6   125.7   216.5   267.0   293.2   312.0   334.8   366.4   426.0   713.3  2303.6  6441.6  86035.0    86087
read      277.9   165.7    74.4   121.3   138.3   255.7   305.7   336.7   360.4   388.4   423.7   477.0   639.9  2278.1  3620.3  29215.4    29108
read      391.1   725.4    74.4   127.7   145.1   275.2   333.5   371.0   404.6   458.1   541.4   658.3  4100.3  8006.4 12981.3 101181.4   101115
read      250.1   177.5    74.4   115.1   128.0   225.8   276.5   302.4   320.4   343.5   376.9   448.4   677.1  2091.0  5810.5  74210.4    74326
read      232.3   101.4    68.9   114.9   127.6   220.0   269.2   292.6   308.6   326.3   348.9   386.9   480.1   789.8  2632.4  75839.6    75832
read      234.3   112.8    74.4   115.7   128.7   218.0   265.9   290.9   308.4   328.5   355.2   398.8   518.0   937.6  2943.3  94908.8    94901
read      228.9    88.8    80.4   139.7   158.3   225.3   246.4   258.1   267.1   276.6   291.9   317.2   397.0   789.8  4103.3  15805.2    15809
read      234.1    73.3    74.4   128.6   143.1   235.7   263.3   276.7   287.1   297.6   313.8   338.3   406.0   620.4  1738.6  28949.6    28874
read      238.3   118.0    68.9   119.1   132.2   234.8   275.2   294.2   307.3   321.0   340.7   371.1   461.6  1204.0  3835.6  51913.8    51882
read      237.1    93.8    74.4   126.5   140.8   237.5   266.5   281.1   291.4   303.8   319.1   345.2   431.5   927.5  2911.9  32729.0    32653
read      235.6    82.3    68.9   121.4   134.8   237.0   270.8   287.2   297.8   311.7   328.5   357.0   435.1   739.1  1580.5  41649.8    41676
read      239.6   121.3    74.4   117.6   130.5   230.4   277.1   298.6   313.6   330.8   352.2   389.8   495.4  1200.5  3005.8  62907.2    63019
read      240.3   121.6    74.4   117.9   131.3   223.4   270.8   295.6   313.4   334.7   363.6   413.1   545.1  1134.1  3145.5  99240.8    99164
read      237.2    98.4    74.4   120.3   133.3   236.6   273.6   291.2   303.4   316.9   335.3   364.4   449.8   916.3  2355.7  46911.4    47055
read      234.4    94.7    74.4   116.2   129.1   227.8   273.6   294.4   308.8   324.6   345.0   377.6   464.6   755.0  1973.6  62382.4    62394
read      239.3   119.5    74.4   117.1   130.4   222.0   269.6   294.7   312.7   334.1   362.6   410.0   541.2  1244.4  3404.2  98707.0    98519
read      236.6    99.8    74.4   125.7   140.5   237.4   265.7   279.6   289.7   301.1   316.9   343.5   435.5  1025.0  3169.7  32176.8    32122
read      236.4   101.1    74.4   119.8   132.7   235.0   274.2   292.5   305.3   319.0   338.2   367.3   441.7   772.7  2335.2  49383.4    49464
read      234.0   104.2    74.4   132.2   147.9   232.6   257.6   270.4   279.7   291.0   305.8   330.1   405.7  1105.8  3236.0  23970.0    24034
read      233.0   103.6    74.4   115.1   127.7   219.8   269.1   292.9   309.1   327.5   351.0   390.7   493.6   855.7  2026.1  77279.0    77363
read      234.1   110.4    74.4   115.2   128.1   218.3   266.7   291.6   308.9   328.9   355.1   398.4   513.3   921.6  2478.5  91779.6    91698
read      234.7    88.8    74.4   122.2   135.8   236.0   268.3   284.2   294.9   308.3   323.8   350.1   426.8   783.1  2454.2  38918.2    38997
read      235.4   113.6    74.4   115.1   128.0   219.2   268.7   293.4   310.6   330.7   357.3   400.1   518.0  1111.3  2688.5  86040.2    86028
read      235.0   105.9    74.4   115.4   128.2   220.7   270.0   294.5   311.6   331.2   356.4   397.6   505.4   848.6  2131.5  83029.4    83012
read      223.6    83.8    74.4   139.2   156.8   219.8   239.5   251.0   259.5   270.0   284.3   308.3   380.1  1000.1  3923.3  14949.4    15024
read      234.3    98.8    74.4   117.0   129.5   229.9   273.3   293.0   306.5   320.7   340.7   370.5   451.0   956.4  2710.0  56665.8    56640
read      461.7 13834.4    74.4   116.3   129.3   218.9   266.7   291.8   309.7   330.6   358.5   403.7   527.2  1180.1 870189.5  97183.2    97362
read      238.2   109.7    68.9   117.7   131.2   222.6   268.7   293.2   310.9   332.0   360.6   408.6   532.8   890.8  2900.9 107261.2   107412
read      236.3   113.3    74.4   116.2   128.8   226.5   273.9   295.6   310.5   327.2   348.3   384.9   484.2  1232.3  3302.0  64974.6    65030

Total QPS = 58262.2 (65836232 / 1130.0s)

Total connections = 64
Misses = 65836233 (100.0%)
Skipped TXs = 0 (0.0%)

RX  197508699 bytes :    0.2 MB/s
TX          0 bytes :    0.0 MB/s
Warning! Detected max cpu usage > 95%
CPU Usage Stats (avg/min/max): 99.84%,9.55%,100.00%
