#type       avg     std     min      p5     p10     p50     p67     p75     p80     p85     p90     p95     p99    p999   p9999      QPS   target       ts_start         ts_end
read      227.7    99.1   101.3   156.7   167.7   217.4   238.2   252.2   263.2   275.3   293.1   324.4   391.6  1340.1  5987.4   4949.5     5000  1777034921089  1777034923348
read      247.9    77.0    86.8   142.5   162.1   242.5   272.6   290.0   302.6   317.3   337.7   369.0   431.2   533.6  2289.7  14887.5    15000  1777034924853  1777034927092
read      273.9    97.3    80.4   134.3   152.1   273.4   315.0   336.8   352.1   369.7   393.1   428.5   506.1   653.4   919.5  25134.0    25000  1777034928596  1777034930797
read      277.1   112.2    80.4   131.2   147.2   269.2   320.5   346.3   365.2   387.0   414.7   458.8   555.5   808.6  2667.2  35061.0    35000  1777034932302  1777034934502
read      291.7   129.2    80.4   130.6   148.0   279.0   336.4   367.9   390.6   417.0   451.0   503.8   613.0   791.5  3676.9  45003.4    45000  1777034936006  1777034938207
read      304.5   149.8    80.4   132.8   151.5   286.7   348.0   383.4   408.7   437.6   476.3   534.4   685.0   936.2  4944.7  54703.0    55000  1777034939712  1777034941912
read      334.1   152.4    80.4   140.9   163.5   313.0   379.2   419.3   448.3   482.2   526.3   593.6   768.4  1056.6  3052.3  65026.0    65000  1777034943417  1777034945620
read      430.8   248.9    80.4   166.8   201.8   390.0   482.2   535.6   575.4   624.4   692.1   807.7  1175.6  1476.8  7468.9  74823.5    75000  1777034947124  1777034949325
read      852.4   375.1    93.8   578.7   623.9   751.4   801.2   849.3   918.5  1206.3  1366.8  1480.7  1651.9  7113.5  9109.3  76898.0    85000  1777034950829  1777034953030
read      905.9   384.8   148.8   656.1   696.8   802.1   849.0   872.3   921.6  1119.0  1460.3  1582.6  1737.5  7173.7  9171.8  72876.0    95000  1777034954534  1777034956735
read      883.3   368.6   118.1   643.9   672.9   783.2   827.9   858.5   892.0  1182.2  1427.6  1552.2  1711.1  7086.5  8941.5  74623.0   105000  1777034958240  1777034960440
read      828.0   359.3   118.1   567.3   606.5   728.1   779.9   814.6   881.9  1188.7  1330.2  1447.4  1606.8  7004.4  8973.1  79398.3   115000  1777034961945  1777034964147
read      872.6   368.2   148.8   633.5   662.6   772.1   814.0   851.0   876.4  1162.8  1410.4  1532.3  1701.5  7081.5  9018.5  75524.5   125000  1777034965652  1777034967852
Warning! Detected max cpu usage > 95%
CPU Usage Stats (avg/min/max): 50.75%,1.50%,100.00%
