#type       avg     std     min      p5     p10     p50     p67     p75     p80     p85     p90     p95     p99    p999   p9999      QPS   target       ts_start         ts_end
read      224.7    78.6   109.4   155.8   167.2   214.5   235.5   250.4   261.2   273.3   291.5   319.1   389.1   986.5  3153.5   4929.0     5000  1777036124394  1777036126649
read      242.9    74.8    93.8   146.8   164.2   237.5   266.0   280.7   291.0   303.4   319.1   348.0   419.3   629.1  3074.8  14861.0    15000  1777036128154  1777036130400
read      246.5    77.3    80.4   133.7   149.1   244.4   277.9   295.0   307.4   320.4   339.7   367.9   436.4   702.8  1440.8  25081.0    25000  1777036131904  1777036134109
read      258.6    96.2    80.4   128.2   142.5   256.5   295.9   316.2   331.1   347.5   371.0   407.6   506.8   894.1  1818.9  34797.6    35000  1777036135613  1777036137812
read      274.5   168.7    74.4   128.1   142.1   257.9   306.7   332.4   351.2   373.6   404.1   459.8   676.1  2183.3  5065.6  45006.5    45000  1777036139318  1777036141517
read      266.2   123.7    80.4   121.3   135.1   253.1   304.7   332.1   352.2   377.1   411.5   467.2   616.1  1159.7  2297.9  54895.0    55000  1777036143022  1777036145231
read      266.3   123.5    74.4   120.8   133.7   246.7   302.7   333.5   357.8   389.3   431.8   496.5   637.0   863.8  1100.4  65023.5    65000  1777036146736  1777036148935
read      319.1   229.4    80.4   125.1   140.2   268.4   332.3   374.2   412.8   462.8   534.7   697.5  1189.0  2430.4  4262.6  74811.1    75000  1777036150439  1777036152646
read      273.9   154.0    68.9   120.1   132.9   234.6   295.8   332.3   363.7   407.5   472.5   578.8   808.6  1092.5  1924.2  84851.4    85000  1777036154151  1777036156351
read      306.8   197.1    80.4   127.4   141.7   250.5   314.8   360.0   402.0   465.2   552.5   720.4  1031.7  1557.4  2037.6  94815.4    95000  1777036157855  1777036160057
read      367.0   333.1    80.4   135.3   153.2   271.8   336.3   386.0   436.1   522.8   710.8  1011.8  1773.7  2729.0  7977.6 104739.9   105000  1777036161563  1777036163767
read      468.3   649.1    80.4   151.2   174.2   297.8   365.2   410.3   449.4   504.7   643.6  1724.4  3398.1  7494.3  8475.9 114828.4   115000  1777036165273  1777036167476
read      543.4   753.9    80.4   180.4   207.4   343.8   418.4   465.3   502.6   553.6   667.6  2497.2  3665.7  7638.7  9429.3 119111.7   125000  1777036168981  1777036171180
Warning! Detected max cpu usage > 95%
CPU Usage Stats (avg/min/max): 50.25%,0.50%,100.00%
