#type       avg     std     min      p5     p10     p50     p67     p75     p80     p85     p90     p95     p99    p999   p9999      QPS   target       ts_start         ts_end
read      251.4   142.1    93.8   160.7   173.9   230.8   258.6   274.3   287.6   304.2   331.4   381.3   641.2  1915.5  3231.7   5010.0     5000  1777035271767  1777035274027
read      329.5   271.3    86.8   150.4   169.5   272.6   317.5   346.1   371.5   413.5   487.5   691.6  1564.8  3483.8  5265.1  15026.8    15000  1777035275535  1777035277773
read      312.3   212.2    86.8   138.9   157.1   275.7   325.2   352.9   373.9   403.1   452.1   588.6  1185.3  2497.0  4012.5  24898.0    25000  1777035279280  1777035281486
read      294.6   132.9    68.9   128.0   144.5   282.9   338.7   369.3   390.8   415.7   447.4   498.6   670.7  1230.5  2284.5  35184.5    35000  1777035282992  1777035285193
read      300.7   145.3    74.4   125.0   140.5   284.1   349.6   386.3   412.2   441.9   478.8   536.4   713.9  1013.4  2012.1  44917.0    45000  1777035286699  1777035288900
read      311.0   163.0    80.4   121.0   136.3   287.5   362.5   405.1   435.5   470.2   516.0   585.4   776.4  1040.1  2147.8  54783.4    55000  1777035290406  1777035292608
read      318.3   183.7    74.4   122.7   138.3   273.4   360.9   418.6   457.7   501.7   555.9   656.3   855.6  1350.1  2176.4  65042.5    65000  1777035294113  1777035296315
read      402.9   373.2    74.4   131.9   149.8   285.2   391.8   481.0   547.7   638.0   765.5  1014.3  1989.4  3102.4  7789.4  75113.9    75000  1777035297819  1777035300024
read      825.0  1122.6    86.8   219.0   246.1   389.4   516.0   583.2   637.3   799.8  3271.8  3497.8  3762.8  7991.5 10044.9  79661.8    85000  1777035301528  1777035303734
read      900.5  1180.3    93.8   247.5   276.0   414.6   579.3   659.4   723.9  1381.0  3345.7  3572.9  4016.0  8015.9 10191.0  74382.2    95000  1777035305239  1777035307442
read      878.0  1160.1    93.8   237.3   266.0   410.8   565.6   635.5   696.4  1278.2  3315.5  3552.4  3993.0  8060.7 12582.2  76383.5   105000  1777035308947  1777035311150
read      852.2  1163.0    93.8   237.8   260.4   379.3   543.7   601.1   643.8   754.7  3354.0  3556.1  3764.4  8023.6 10603.7  78619.5   115000  1777035312655  1777035314860
read      868.2  1167.1    93.8   247.5   269.7   383.7   556.8   621.6   671.1   804.0  3360.7  3562.8  3797.6  8010.4  9996.0  77289.5   125000  1777035316365  1777035318565
Warning! Detected max cpu usage > 95%
CPU Usage Stats (avg/min/max): 50.25%,0.51%,100.00%
