#type       avg     std     min      p5     p10     p50     p67     p75     p80     p85     p90     p95     p99    p999   p9999      QPS   target       ts_start         ts_end
read      223.8    71.9    93.8   155.2   167.0   214.5   233.7   247.1   256.7   269.7   288.1   318.7   382.7   948.8  3774.3   4929.0     5000  1777035457006  1777035459271
read      237.5    78.6    80.4   142.2   160.8   231.8   258.0   272.7   284.1   296.5   315.2   344.1   415.0   578.0  3490.5  15005.0    15000  1777035460776  1777035463020
read      244.8    83.0    86.8   133.6   149.2   243.2   275.6   291.3   302.4   315.6   333.4   361.6   432.0   831.1  2023.9  25139.9    25000  1777035464525  1777035466728
read      249.0    88.9    86.8   128.2   141.9   249.0   287.2   305.6   317.9   333.4   352.2   383.3   454.4   625.2  1969.8  34980.3    35000  1777035468233  1777035470433
read      253.3   100.4    74.4   124.8   138.3   251.0   295.6   316.0   330.6   346.3   368.2   401.0   498.3   769.4  2445.0  44536.0    45000  1777035471937  1777035474137
read      249.1    95.5    74.4   122.3   135.4   242.7   292.8   315.5   331.2   348.2   371.1   404.8   495.4   664.2  1060.4  54822.2    55000  1777035475641  1777035477839
read      250.7   100.3    80.4   122.9   136.1   236.1   292.2   318.3   336.6   357.5   383.8   425.5   523.5   712.8   920.7  64756.4    65000  1777035479343  1777035481550
read      259.0   116.6    74.4   122.2   136.5   244.8   299.2   325.6   344.1   366.6   395.4   442.1   562.7  1008.7  3107.8  75194.1    75000  1777035483055  1777035485258
read      262.0   107.2    74.4   124.5   139.8   249.6   301.4   327.8   345.8   368.5   397.7   446.9   568.9   821.6  1245.8  84925.9    85000  1777035486762  1777035488965
read      266.8   132.4    74.4   127.7   142.9   251.3   301.8   328.6   347.6   372.5   404.7   459.8   582.5   856.0  4264.4  94695.9    95000  1777035490469  1777035492670
read      301.2   153.7    74.4   132.3   150.8   276.2   333.8   368.0   395.1   429.8   479.2   563.1   763.3  1100.7  4073.1 104932.2   105000  1777035494174  1777035496376
read      435.3   233.8    74.4   169.1   203.2   395.8   480.7   531.8   574.9   636.7   728.9   861.6  1064.6  1483.7  6006.3 114007.0   115000  1777035497881  1777035500080
read      430.6   238.5    80.4   165.9   197.9   393.5   474.5   520.3   557.6   618.7   727.4   877.8  1075.5  1467.3  7103.9 119547.4   125000  1777035501585  1777035503786
Warning! Detected max cpu usage > 95%
CPU Usage Stats (avg/min/max): 50.25%,0.50%,100.00%
