#type       avg     std     min      p5     p10     p50     p67     p75     p80     p85     p90     p95     p99    p999   p9999      QPS   target       ts_start         ts_end
read      223.5    87.2   101.3   153.7   165.7   212.6   233.2   247.7   258.3   270.4   288.6   318.6   392.3  1081.9  3772.8   4953.5     5000  1777036319395  1777036321651
read      233.4    69.7    80.4   144.8   162.6   228.1   251.8   265.8   275.1   289.4   307.0   336.2   403.5   507.9  2119.4  14933.0    15000  1777036323155  1777036325397
read      242.2    95.5    80.4   135.4   151.5   239.2   268.6   284.2   294.8   308.8   325.8   354.5   419.7   569.7  3453.1  25096.0    25000  1777036326901  1777036329100
read      241.5    80.7    80.4   128.2   142.0   241.1   276.7   293.7   305.8   318.6   337.4   365.7   426.3   547.8  1679.5  35159.5    35000  1777036330604  1777036332801
read      243.8    87.4    80.4   124.0   137.4   242.3   284.5   303.7   316.5   331.9   350.3   380.1   456.3   593.7  1765.3  45220.6    45000  1777036334306  1777036336507
read      244.5    91.9    80.4   122.9   135.8   237.5   284.8   307.0   321.4   339.5   362.4   397.6   485.0   679.3  1167.6  54748.5    55000  1777036338012  1777036340213
read      241.1    96.0    74.4   122.2   135.0   230.0   281.3   304.8   320.0   338.3   361.1   396.0   473.8   630.0  1453.1  64930.5    65000  1777036341717  1777036343916
read      238.6    94.5    74.4   120.3   132.6   224.1   276.9   301.7   318.3   337.7   362.1   399.8   493.2   682.4  1283.0  75308.0    75000  1777036345420  1777036347618
read      238.2   112.0    80.4   120.5   132.9   220.9   273.5   299.3   316.5   336.7   362.0   400.8   500.2   792.7  3483.2  85145.7    85000  1777036349122  1777036351324
read      241.5   139.0    74.4   120.5   132.9   222.0   275.0   301.3   319.3   340.4   367.6   414.6   536.2   789.9  6230.1  94828.0    95000  1777036352829  1777036355030
read      241.3    97.5    74.4   122.8   136.0   222.7   273.0   299.8   318.6   340.8   369.1   415.6   530.5   761.0  1115.0 105052.5   105000  1777036356534  1777036358736
read      256.1   118.0    74.4   127.7   141.9   237.5   288.4   315.4   335.0   358.3   389.9   443.2   577.8   844.1  1960.0 115274.4   115000  1777036360240  1777036362442
read      252.5   107.5    80.4   128.8   143.6   236.9   283.1   307.9   325.5   346.4   375.6   426.0   543.8   858.8  2698.0 124901.4   125000  1777036363947  1777036366149
Warning! Detected max cpu usage > 95%
CPU Usage Stats (avg/min/max): 51.99%,3.98%,100.00%
