#type       avg     std     min      p5     p10     p50     p67     p75     p80     p85     p90     p95     p99    p999   p9999      QPS   target       ts_start         ts_end
read      221.5   105.6    93.8   153.0   164.7   211.2   231.0   244.2   254.6   268.6   286.8   314.5   387.3   666.4  6458.5   5027.0     5000  1777036428688  1777036430949
read      240.1    67.2    86.8   149.1   165.6   233.8   260.2   274.3   285.9   298.1   316.0   344.7   418.9   695.8  1472.7  14915.5    15000  1777036432453  1777036434691
read      239.9    75.7    80.4   134.6   149.8   236.5   267.0   283.2   294.5   309.3   327.8   358.4   433.1   588.2  1059.6  25008.5    25000  1777036436195  1777036438396
read      261.9   129.5    80.4   132.6   147.4   251.7   289.4   308.7   321.6   339.9   364.6   411.5   663.7  1597.4  2759.9  34876.0    35000  1777036439900  1777036442102
read      248.2    91.2    80.4   127.2   140.4   245.3   286.9   307.1   320.5   337.6   359.1   393.3   469.8   624.7  1886.6  44914.5    45000  1777036443607  1777036445807
read      270.3   476.9    80.4   125.2   139.3   246.0   292.8   315.8   332.5   352.1   380.2   434.5   719.2  2851.5 27446.3  55142.5    55000  1777036447311  1777036449515
read      254.3   122.3    80.4   123.2   136.6   239.8   290.7   315.0   332.4   352.4   378.6   424.7   589.9  1423.4  2202.3  64644.8    65000  1777036451020  1777036453231
read      275.8   175.4    80.4   126.4   140.6   249.0   303.3   331.6   352.2   378.1   419.4   508.2   823.0  1664.7  4938.0  75140.0    75000  1777036454736  1777036456938
read      328.5   318.0    74.4   130.0   145.4   258.3   317.8   355.5   387.8   437.0   539.5   779.1  1551.6  3427.8  9211.6  85042.0    85000  1777036458443  1777036460643
read      275.7   170.1    74.4   126.7   140.9   242.9   297.1   326.8   348.4   376.4   420.0   518.5   913.1  1846.4  2775.7  94474.4    95000  1777036462148  1777036464349
read      260.5   127.8    80.4   126.8   140.7   237.3   289.0   316.3   336.5   361.1   394.6   458.5   696.9  1313.0  2424.3 104682.7   105000  1777036465854  1777036468057
read      282.1   167.8    80.4   132.5   148.7   255.6   308.8   338.6   361.3   389.8   430.8   508.7   767.1  1577.0  4321.7 114830.9   115000  1777036469561  1777036471762
read      326.3   183.1    74.4   137.1   155.0   280.5   349.5   397.8   437.4   490.3   564.3   681.5   923.7  1632.5  2646.6 124409.7   125000  1777036473267  1777036475474
Warning! Detected max cpu usage > 95%
CPU Usage Stats (avg/min/max): 50.25%,0.51%,100.00%
