#type       avg     std     min      p5     p10     p50     p67     p75     p80     p85     p90     p95     p99    p999   p9999      QPS   target       ts_start         ts_end
read      222.7    61.8   101.3   155.0   166.6   213.5   233.6   247.5   257.8   270.8   288.5   317.1   389.1   595.9  1986.8   4970.5     5000  1777036246425  1777036248678
read      239.0    79.5    86.8   143.6   161.2   232.8   261.4   275.3   287.0   299.5   317.6   346.4   420.7   623.1  3232.1  15001.5    15000  1777036250183  1777036252421
read      249.9    77.9    86.8   134.8   150.4   247.6   281.8   298.7   311.7   326.2   345.2   376.2   449.0   584.9  1494.4  25122.5    25000  1777036253925  1777036256126
read      250.8    92.5    80.4   127.7   141.5   247.9   288.0   308.0   321.4   338.8   360.3   393.3   465.4   663.2  2648.1  34970.5    35000  1777036257631  1777036259833
read      262.1   105.4    80.4   125.5   139.6   255.5   303.0   327.3   345.0   366.4   393.6   435.6   531.5   795.5  2038.6  44944.0    45000  1777036261338  1777036263540
read      263.3   115.0    80.4   120.4   133.9   255.0   306.3   332.8   351.6   374.5   405.2   457.3   574.8   809.4  2024.4  54896.9    55000  1777036265045  1777036267244
read      262.9   134.7    74.4   119.4   132.2   244.6   299.2   328.5   351.0   380.6   421.2   485.6   620.4  1017.0  2284.6  65177.0    65000  1777036268748  1777036270948
read      264.7   135.6    74.4   119.2   131.7   238.0   297.2   329.8   356.0   391.0   439.9   517.2   691.2   867.7  2704.7  74848.5    75000  1777036272452  1777036274665
read      271.1   148.4    74.4   119.7   132.5   232.2   292.9   329.4   362.2   409.5   474.2   570.3   773.2  1032.9  2077.1  85102.2    85000  1777036276169  1777036278369
read      296.8   189.4    74.4   125.1   139.6   245.9   308.4   347.4   385.8   441.3   524.5   691.0   957.2  1430.4  3629.9  95053.5    95000  1777036279873  1777036282075
read      297.1   221.9    74.4   124.2   138.0   230.6   291.0   333.2   373.0   439.8   546.9   744.0  1104.0  1815.1  5221.7 104838.4   105000  1777036283579  1777036285779
read      422.3   545.2    74.4   141.6   161.8   280.8   345.4   392.6   435.0   500.4   652.4  1233.9  3079.4  5287.0  8099.8 114797.9   115000  1777036287283  1777036289487
read      568.2   814.2    80.4   191.0   218.1   349.7   430.0   479.8   516.5   563.9   651.8  3067.0  3712.1  7790.7  8903.8 114508.4   125000  1777036290990  1777036293198
Warning! Detected max cpu usage > 95%
CPU Usage Stats (avg/min/max): 51.00%,1.99%,100.00%
