#type       avg     std     min      p5     p10     p50     p67     p75     p80     p85     p90     p95     p99    p999   p9999      QPS   target       ts_start         ts_end
read      230.1   106.7    93.8   159.9   170.8   218.4   240.2   253.7   264.5   275.9   295.0   326.2   397.6  1353.4  4939.9   4979.0     5000  1777034786351  1777034788609
read      259.8    98.8    86.8   145.9   165.3   256.1   288.4   305.2   316.6   331.5   350.2   383.3   465.8   683.2  3658.3  14998.0    15000  1777034790114  1777034792355
read      267.6    94.6    86.8   135.0   151.7   264.3   305.8   327.5   342.7   361.5   384.7   420.4   497.2   639.8  1888.0  24933.0    25000  1777034793860  1777034796060
read      281.2   120.9    80.4   131.8   148.2   274.3   325.3   352.3   371.2   393.5   421.3   462.8   556.7   744.0  3918.9  35062.8    35000  1777034797565  1777034799772
read      288.6   122.2    80.4   129.7   146.6   274.7   333.0   365.4   388.5   415.3   448.7   499.8   622.3   824.1  1337.0  44791.5    45000  1777034801276  1777034803476
read      304.6   142.7    80.4   132.3   150.5   286.4   348.4   384.8   411.3   442.1   482.5   541.8   682.4   888.1  3241.9  54812.4    55000  1777034804981  1777034807181
read      324.6   156.7    80.4   137.0   157.6   300.2   368.4   408.7   438.3   473.2   517.3   587.6   771.3  1098.9  4233.4  65134.9    65000  1777034808685  1777034810885
read      420.0   298.1    80.4   155.6   184.9   366.4   462.8   522.5   570.1   630.8   707.8   807.5  1299.1  1822.7 13691.5  74973.5    75000  1777034812390  1777034814592
read      909.5   399.2   160.7   657.5   698.9   807.7   852.6   874.4   918.8  1105.3  1462.9  1588.1  1735.6  7245.5  8840.0  72525.0    85000  1777034816097  1777034818298
read      812.5   343.2   109.4   558.2   599.0   719.2   768.8   803.3   864.9  1145.7  1300.8  1420.1  1585.5  5959.8  8027.6  80730.2    95000  1777034819803  1777034822004
read      877.5   381.0   118.1   623.3   660.4   776.9   825.3   863.5   914.8  1147.6  1403.8  1531.1  1719.0  7134.2  9210.9  75138.0   105000  1777034823508  1777034825708
read      893.2   382.9   127.6   581.6   643.4   794.0   853.4   905.2   996.6  1237.8  1417.8  1558.0  1733.6  7020.7  9320.0  73637.6   115000  1777034827213  1777034829414
read      909.6   400.9   118.1   620.6   670.7   807.6   861.5   905.6   944.3  1219.6  1449.1  1585.5  1770.0  7121.0  8069.5  72512.4   125000  1777034830920  1777034833121
Warning! Detected max cpu usage > 95%
CPU Usage Stats (avg/min/max): 50.50%,1.00%,100.00%
