#type       avg     std     min      p5     p10     p50     p67     p75     p80     p85     p90     p95     p99    p999   p9999      QPS   target       ts_start         ts_end
read      235.4    81.1   109.4   162.1   174.0   223.6   247.4   262.1   272.6   287.3   306.4   339.5   418.3  1386.7  3491.1   4994.0     5000  1777035006633  1777035008890
read      263.0    89.5    86.8   147.5   168.5   257.5   290.4   308.4   320.4   337.3   358.3   392.0   476.5   860.9  2998.0  14891.0    15000  1777035010394  1777035012632
read      280.6   143.7    80.4   137.5   155.1   277.2   319.6   342.5   358.8   376.2   400.0   436.6   526.8   745.2  5525.3  25171.0    25000  1777035014137  1777035016339
read      288.7   124.2    80.4   134.5   151.2   280.3   332.3   360.0   379.2   401.8   432.4   480.8   586.2   845.3  3950.8  35015.5    35000  1777035017843  1777035020045
read      294.6   157.1    80.4   130.6   147.9   278.5   336.7   369.2   392.8   420.2   454.8   506.3   629.8  1168.9  6625.8  45221.7    45000  1777035021549  1777035023749
read      307.5   144.3    80.4   131.8   150.8   286.2   350.3   387.7   414.8   446.6   487.4   548.0   724.5  1163.6  2197.8  55118.0    55000  1777035025254  1777035027457
read      317.0   152.3    74.4   136.8   156.8   294.4   360.0   399.3   428.5   462.4   504.6   568.3   727.1   918.1  3491.8  64981.1    65000  1777035028961  1777035031162
read      881.9   410.0    93.8   572.4   654.9   799.3   850.4   878.6   918.9  1036.5  1417.9  1568.5  1737.4  7174.7 10368.2  72191.9    75000  1777035032667  1777035034867
read      854.3   368.7   137.8   599.2   641.5   757.1   802.9   846.0   889.9  1169.0  1364.8  1490.5  1667.6  7067.7  9205.9  76810.5    85000  1777035036372  1777035038573
read      830.5   336.1   109.4   599.0   633.9   738.7   783.0   805.5   848.0  1088.0  1344.1  1463.4  1603.7  6470.9  7705.6  78932.0    95000  1777035040077  1777035042279
read      875.5   373.1   118.1   593.4   643.6   777.0   834.4   873.5   947.6  1211.2  1399.8  1524.5  1712.9  7028.5  9171.2  75206.2   105000  1777035043784  1777035045988
read      880.6   388.6   187.4   631.7   663.6   778.2   825.6   860.0   903.1  1148.4  1419.3  1544.8  1721.1  7186.4  9495.2  74880.5   115000  1777035047493  1777035049692
read      886.1   397.0   148.8   632.9   663.8   780.0   829.8   863.6   912.4  1220.0  1423.0  1548.1  1723.1  7244.8  9439.6  74602.5   125000  1777035051197  1777035053402
Warning! Detected max cpu usage > 95%
CPU Usage Stats (avg/min/max): 50.50%,1.00%,100.00%
