#type       avg     std     min      p5     p10     p50     p67     p75     p80     p85     p90     p95     p99    p999   p9999      QPS   target       ts_start         ts_end
read      233.9   133.3   101.3   159.1   171.1   221.4   244.3   259.1   270.4   284.1   301.5   333.7   399.3  1888.2  9498.1   4970.0     5000  1777034693272  1777034695544
read      260.3   112.6    86.8   143.5   163.1   255.8   287.8   305.0   316.9   332.2   351.2   382.2   457.4  1602.9  3230.8  15058.5    15000  1777034697048  1777034699293
read      309.8   214.9    80.4   137.9   156.9   283.3   329.5   355.0   374.0   399.2   435.1   526.4  1115.8  2934.8  5001.0  25114.0    25000  1777034700798  1777034702999
read      289.0   115.5    80.4   132.2   149.7   284.8   336.0   362.3   380.7   401.8   430.2   474.5   575.1   772.1  2331.8  34996.5    35000  1777034704505  1777034706705
read      300.3   127.1    80.4   133.6   151.2   288.5   347.4   379.4   401.6   428.7   463.1   516.7   639.0   847.3  1498.1  44878.2    45000  1777034708209  1777034710411
read      316.5   157.9    80.4   134.4   154.1   295.8   358.3   395.0   422.1   454.2   495.7   560.0   741.9  1694.6  3187.3  54696.4    55000  1777034711916  1777034714118
read      316.7   142.2    74.4   134.0   154.7   296.5   360.1   398.7   427.0   459.9   502.5   565.8   728.2   928.6  2066.9  64463.7    65000  1777034715622  1777034717824
read      342.1   170.6    80.4   145.9   168.9   314.5   389.7   432.9   464.1   500.5   545.9   622.3   794.9  1066.6  4465.5  75152.5    75000  1777034719329  1777034721531
read      823.2   354.7   101.3   583.1   616.9   729.8   777.9   805.9   856.2  1070.4  1319.3  1443.9  1612.0  7000.2  8002.1  79321.5    85000  1777034723036  1777034725238
read      866.9   366.8   187.4   622.5   657.4   771.8   812.3   850.3   875.9  1079.3  1393.8  1520.5  1695.9  7060.0  8079.2  75933.8    95000  1777034726743  1777034728945
read      920.0   391.4   137.8   675.3   708.8   816.6   859.1   889.9   926.8  1082.7  1493.9  1609.0  1751.2  7187.2  9762.1  71702.9   105000  1777034730449  1777034732653
read      877.8   371.1   187.4   640.5   665.6   773.2   816.8   856.3   901.9  1208.0  1420.3  1530.4  1695.7  7127.7  8043.1  75139.9   115000  1777034734157  1777034736360
read      911.0   378.8   127.6   653.0   696.6   808.9   856.2   888.2   929.3  1155.3  1460.4  1592.5  1744.0  7102.4  7982.6  72456.9   125000  1777034737864  1777034740064
Warning! Detected max cpu usage > 95%
CPU Usage Stats (avg/min/max): 51.01%,2.01%,100.00%
