#type       avg     std     min      p5     p10     p50     p67     p75     p80     p85     p90     p95     p99    p999   p9999      QPS   target       ts_start         ts_end
read      230.8    85.6    93.8   158.0   170.1   217.7   240.4   254.3   266.0   279.5   300.8   336.9   416.0  1802.2  2775.6   4897.0     5000  1777034417903  1777034420163
read      271.3   179.3    80.4   146.9   166.5   258.8   291.9   309.5   321.1   337.7   359.0   394.5   512.2  2898.5  6448.1  15136.4    15000  1777034421667  1777034423911
read      284.0   107.6    80.4   136.0   153.9   283.5   325.9   347.3   364.2   383.1   405.5   444.5   534.3   871.8  2197.9  25111.3    25000  1777034425416  1777034427616
read      285.3   135.8    80.4   132.6   149.2   276.5   327.5   354.8   373.7   397.2   425.9   469.3   578.1  1083.5  2975.5  35142.6    35000  1777034429122  1777034431323
read      301.6   137.5    80.4   136.9   154.0   286.2   346.7   379.5   403.6   430.7   465.0   517.6   637.0  1057.0  2955.9  44963.5    45000  1777034432827  1777034435031
read      303.3   141.1    80.4   130.6   148.6   282.4   346.8   385.0   411.5   442.8   482.3   543.2   698.3  1024.6  2570.9  54875.7    55000  1777034436536  1777034438736
read      307.4   145.2    74.4   129.1   148.1   282.8   349.9   390.4   419.8   454.3   497.3   563.7   730.2   999.8  2377.0  64836.5    65000  1777034440242  1777034442440
read      913.7   417.6   109.4   634.3   687.3   820.1   866.6   906.8   937.3  1079.2  1441.5  1596.9  1783.8  7259.7  9908.2  71349.4    75000  1777034443944  1777034446149
read      888.1   386.6   109.4   628.0   669.5   787.7   837.5   867.5   917.5  1146.0  1428.9  1556.2  1726.1  7194.2  9057.5  74104.4    85000  1777034447654  1777034449855
read      822.1   355.2   137.8   595.0   620.6   727.3   773.0   801.2   844.0  1094.4  1325.8  1443.9  1600.2  7078.4  8932.7  79938.0    95000  1777034451361  1777034453561
read      910.5   386.0   148.8   657.5   697.8   811.1   857.9   890.9   928.2  1082.3  1455.0  1591.2  1755.9  7184.0  9014.4  72474.4   105000  1777034455066  1777034457266
read      839.9   366.9   127.6   591.3   626.1   737.8   787.0   820.9   871.5  1201.5  1356.3  1463.4  1608.1  7100.9  9325.9  78341.9   115000  1777034458771  1777034460973
read      897.5   386.1   160.7   646.1   682.4   797.3   848.2   875.9   922.0  1081.8  1431.7  1568.5  1737.3  7169.5  8567.4  73554.9   125000  1777034462478  1777034464681
Warning! Detected max cpu usage > 95%
CPU Usage Stats (avg/min/max): 50.50%,1.00%,100.00%
