#type       avg     std     min      p5     p10     p50     p67     p75     p80     p85     p90     p95     p99    p999   p9999      QPS   target       ts_start         ts_end
read      230.1    80.1   101.3   155.9   168.1   218.6   243.2   257.9   268.7   281.7   298.6   331.5   401.2  1286.7  3494.2   4939.0     5000  1777034617115  1777034619384
read      257.1   100.8    86.8   146.4   164.9   251.0   283.0   300.4   313.6   329.3   349.0   379.8   454.9  1131.6  3771.9  14968.5    15000  1777034620889  1777034623133
read      284.1   101.6    86.8   136.9   154.2   284.3   326.8   348.7   364.7   382.9   404.8   444.3   537.8   851.7  1166.3  25034.5    25000  1777034624637  1777034626838
read      288.2   116.1    74.4   133.4   150.6   281.2   334.1   361.4   380.3   402.6   432.0   476.0   580.3   817.4  1887.3  34910.5    35000  1777034628342  1777034630544
read      287.9   125.6    80.4   129.5   145.5   274.5   333.1   365.2   387.8   413.8   446.5   497.0   601.7   849.0  2377.1  44930.5    45000  1777034632049  1777034634250
read      308.4   148.7    80.4   130.9   149.8   290.8   352.2   389.1   415.6   446.8   486.6   543.9   691.3   918.1  4234.9  54958.4    55000  1777034635755  1777034637955
read      329.6   156.6    80.4   137.8   159.8   306.2   372.6   413.8   443.3   477.6   520.8   590.8   774.6  1168.1  2634.2  65002.0    65000  1777034639459  1777034641661
read      394.0   190.8    80.4   158.9   190.7   362.6   442.7   489.8   524.3   566.8   630.1   741.4   965.4  1232.8  3111.9  75045.9    75000  1777034643167  1777034645374
read      906.1   401.4   118.1   626.3   672.4   806.2   857.8   897.3   939.0  1195.8  1437.4  1577.7  1740.3  7221.5  8827.8  72866.5    85000  1777034646880  1777034649081
read      853.9   368.4   148.8   590.7   638.9   757.2   803.6   847.7   895.6  1155.6  1369.7  1488.9  1671.0  7087.3  8847.9  77131.9    95000  1777034650586  1777034652793
read      884.7   385.6   127.6   603.1   654.5   788.3   841.3   871.7   928.5  1175.0  1409.1  1545.8  1723.8  7153.2  8116.1  74581.4   105000  1777034654298  1777034656501
read      873.8   365.8   118.1   616.2   655.2   773.5   817.9   856.9   905.3  1212.2  1410.1  1529.6  1698.7  7042.0  8986.0  75261.5   115000  1777034658007  1777034660219
read      915.6   414.3   160.7   665.3   701.9   809.7   855.6   884.0   923.1  1107.1  1479.7  1597.8  1744.0  7208.5 10142.6  72265.1   125000  1777034661723  1777034663925
Warning! Detected max cpu usage > 95%
CPU Usage Stats (avg/min/max): 50.50%,1.00%,100.00%
