Timestamp start: 1778160950794
Timestamp end: 1778162211094

#type       avg     std     min      p5     p10     p50     p67     p75     p80     p85     p90     p95     p99    p999   p9999      QPS   target
read      240.1   162.9    93.8   153.3   165.5   226.8   253.0   268.5   279.8   294.1   313.9   347.1   439.9  1406.3  8248.6   6885.1     6927
read      354.2   496.5    80.4   137.9   154.0   272.1   328.0   358.7   381.2   408.4   451.2   566.9  2921.3  6496.4  8904.4  52823.7    52892
read      294.2   201.9    80.4   139.9   156.4   262.3   315.5   346.0   369.2   397.5   435.7   512.5   859.8  2719.8  6747.9  98830.7    98921
read      272.6   114.5    80.4   134.6   150.0   256.7   312.2   340.9   361.5   385.0   414.3   459.5   566.1   807.9  2383.0  61079.7    61129
read      292.6   128.3    80.4   140.4   156.5   278.9   333.1   362.4   383.4   407.4   438.8   494.6   620.1  1210.8  2793.1  40607.7    40613
read      294.0   146.7    80.4   136.0   151.0   274.2   334.9   368.8   393.7   423.2   463.1   526.5   646.3  1116.8  4074.9  53231.3    53226
read      284.7   138.6    80.4   140.6   156.4   275.2   325.4   351.6   370.4   392.7   420.1   462.2   559.9   995.4  4090.4  38551.1    38560
read      292.2   243.8    80.4   137.7   153.0   253.7   307.8   338.7   361.7   389.6   427.3   499.6  1021.2  3445.6  7309.9 103388.1   103465
read      265.8   137.0    80.4   134.9   149.8   243.6   295.1   323.9   344.8   369.7   401.2   452.6   588.8  1411.2  4104.4 104791.1   104758
read      260.2   129.0    80.4   132.1   146.2   237.4   290.2   319.7   341.0   365.7   396.2   442.3   575.5  1358.5  3265.2  94822.8    94759
read      315.3   305.3    80.4   138.6   154.6   278.9   332.6   363.2   386.4   415.3   458.2   537.9  1134.0  4332.9 10119.1  37880.2    37799
read      250.4   121.5    93.8   152.9   166.0   238.2   267.8   284.5   296.1   311.6   331.4   364.5   488.9  1692.1  3288.6   8230.4     8296
read      346.4   544.1    80.4   133.5   148.6   254.1   311.7   342.6   365.3   392.1   428.6   512.9  3087.4  6970.8 10416.1  69381.5    69443
read      279.4   141.4    93.8   155.5   172.3   267.0   305.0   325.7   340.9   359.5   383.1   421.8   548.0  1879.4  5800.6  12547.4    12517
read      304.2   163.7    86.8   140.3   156.1   282.1   341.2   374.0   398.5   428.2   469.5   540.1   706.3  1987.2  3904.3  43541.4    43591
read      317.0   172.9    86.8   149.4   168.5   298.2   351.1   380.6   401.7   428.2   465.2   530.1   731.7  2049.0  5678.7  20533.0    20430
read      338.1   389.9    80.4   139.3   155.9   269.8   329.3   363.9   390.6   425.2   480.4   608.6  2246.9  4874.8  8002.3  93699.7    93758
read      262.7    98.7    93.8   156.5   171.9   252.1   285.5   304.1   317.4   334.4   356.4   391.8   493.5  1322.3  2271.5  10517.6    10485
read      297.8   155.9    86.8   152.7   170.3   284.9   329.8   353.8   371.0   392.3   419.6   464.1   612.3  1936.5  5794.3  16548.3    16518
read      324.3   426.1    80.4   134.4   149.2   252.4   310.2   342.0   365.6   393.9   432.7   522.2  2781.0  5278.9  7972.3  83209.1    83230
read      243.3   118.5    93.8   159.5   170.6   231.4   257.9   273.1   285.2   298.5   317.7   349.4   433.2  1425.1  4309.7   5512.7     5484
read      295.5   196.9    80.4   136.6   151.8   263.9   321.2   351.8   373.5   400.1   435.8   521.2   971.8  2397.3  5278.3  55514.3    55611
read      325.1   174.9    86.8   153.6   174.6   306.8   361.0   390.9   412.3   437.0   473.7   535.7   722.9  2213.1  5189.5  20744.2    20774
read      328.8   349.7    80.4   140.9   157.9   270.6   329.2   363.8   390.1   423.2   471.9   581.0  1818.6  4624.7  7882.7  96742.7    96726
read      309.5   168.0    80.4   147.1   164.8   291.9   345.3   374.5   396.6   423.2   459.4   521.8   675.2  2098.4  4553.1  32447.9    32442
read      267.9   132.5    80.4   132.4   146.7   245.2   301.8   332.3   353.7   378.3   409.6   461.4   623.3  1128.0  3437.6  73048.5    73039
read      263.1   116.8    80.4   132.2   146.4   243.4   299.2   329.4   350.3   373.8   402.9   447.8   548.9   852.3  3154.3  74050.9    74055
read      271.8   103.2    80.4   138.1   153.0   260.3   314.2   341.0   359.6   380.1   404.4   442.7   525.7   682.5  1917.9  51213.3    51197
read      265.5   107.8    80.4   134.0   148.7   250.7   306.3   334.3   353.3   374.5   401.1   439.3   527.6   700.4  1960.0  59445.0    59442
read      307.0   172.5    86.8   142.4   159.6   285.8   340.7   371.4   394.9   423.6   465.6   537.3   705.1  2103.1  5417.7  35631.8    35654
read      272.2   173.4    80.4   131.8   146.1   243.2   299.4   330.5   352.4   377.9   411.2   467.2   730.1  2169.8  6122.2  78720.5    78747
read      289.4   126.1    80.4   140.4   155.6   275.8   330.4   360.0   381.1   405.6   437.9   494.9   601.5   995.1  2632.0  42216.3    42212
read      298.5   151.1    80.4   137.4   152.2   275.0   337.5   372.1   398.3   429.8   474.8   542.1   680.4  1588.0  3381.1  52539.9    52488
read      290.6   122.7    80.4   142.0   157.7   279.1   331.5   359.9   380.2   403.9   434.8   487.3   587.3   954.4  2957.3  36959.5    36950
read      296.4   234.3    86.8   150.0   168.0   277.1   319.3   342.6   359.6   378.7   403.7   448.8   718.7  3073.3  8882.8  16772.1    16762
read      330.5   434.2    80.4   133.7   149.1   255.1   313.7   345.8   369.4   397.3   435.2   527.0  2732.5  5216.3  8021.1  79481.3    79473
read      268.0   112.2    80.4   133.6   148.7   252.6   307.9   336.3   355.9   377.7   404.1   446.8   544.3   744.9  2753.5  61386.7    61431
read      259.9   114.3    80.4   132.2   146.5   239.2   292.9   322.3   343.3   367.4   396.9   440.4   550.2  1000.5  2677.8  87272.5    87172
read      271.1   134.3    80.4   137.7   152.6   249.3   300.4   329.2   349.9   374.4   406.4   461.8   614.2  1517.2  3531.8 108162.9   108181
read      257.4   108.9    80.4   130.6   144.3   237.8   292.6   321.9   342.3   365.8   394.4   435.2   540.0   812.6  1988.6  80691.9    80515
read      289.8   144.7    80.4   139.7   155.5   276.6   328.0   355.8   375.6   399.4   430.0   481.7   595.8  1774.9  3941.4  37192.7    37149
read      275.1   118.9    93.8   152.1   168.5   265.3   302.7   322.6   337.8   355.5   377.6   414.6   536.2  1561.1  3198.7  13504.3    13444
read      331.6   465.1    80.4   132.6   147.5   252.5   310.9   341.7   364.2   390.7   426.2   501.3  2891.7  5552.4  8076.4  71931.5    72057
read      260.7   115.0    80.4   131.2   145.3   242.1   298.3   327.9   347.6   370.3   397.7   436.4   532.1   796.6  3514.5  70130.7    70041
read      259.1   116.1    80.4   131.6   145.8   238.0   291.3   320.5   341.7   366.1   396.2   440.2   554.6  1071.9  2923.0  90118.7    90162
read      267.3   101.2    80.4   136.2   151.1   256.5   309.7   335.8   353.3   372.9   397.8   433.0   508.5   660.2  1912.7  52063.1    52082
read      306.7   170.4    86.8   142.3   160.4   290.8   343.7   371.9   392.4   416.0   446.4   499.0   692.2  2203.6  4919.8  24339.1    24258
read      315.3   380.6    80.4   133.3   148.9   255.5   312.9   343.8   366.3   393.0   428.1   496.2  2478.6  4906.5  7998.3  72016.3    72013
read      273.1   110.9    80.4   135.5   151.1   258.8   314.1   342.3   362.2   384.7   412.4   455.4   552.1   749.0  1871.5  57974.3    58012
read      276.3   110.4    80.4   139.0   154.9   266.9   317.3   342.9   361.1   381.5   406.1   446.9   541.4   773.0  2815.8  45322.7    45398
read      272.5   112.4    80.4   136.5   151.9   261.4   314.1   340.5   359.0   379.6   404.5   445.1   538.6   736.6  2194.4  50154.9    50177
read      297.5   151.1    80.4   141.0   157.9   282.4   335.1   364.0   384.8   408.8   440.7   497.0   632.8  1921.9  3881.2  34488.7    34504
read      275.4   147.4    80.4   133.2   148.5   254.1   310.6   340.6   362.1   387.0   418.7   469.4   625.3  1510.6  4482.1  65986.0    66010
read      269.5   115.3    80.4   133.4   148.6   250.6   305.6   335.4   356.4   380.5   410.9   460.0   586.2   948.5  2176.4  73915.8    73937
read      267.3   107.2    74.4   135.3   150.1   254.8   308.8   335.5   353.8   373.9   399.6   436.1   519.2   695.3  2558.0  55051.9    55020
read      270.9   116.7    80.4   134.9   150.3   258.5   312.3   339.2   357.8   378.5   403.6   443.8   537.4   753.7  3234.5  53266.9    53235
read      271.0   127.1    80.4   136.6   152.0   250.7   301.8   330.3   350.6   374.8   406.4   459.5   607.1  1365.4  3305.2  97747.1    97743
read      235.8   110.7    93.8   153.9   165.2   226.3   251.7   266.0   275.2   289.1   306.4   335.4   410.5  1335.7  4057.5   5395.6     5419
read      279.1   125.8    86.8   150.7   167.0   270.7   310.0   330.9   345.2   363.7   386.6   422.4   538.4  1445.1  3709.9  14717.7    14764
read      249.2   143.4    93.8   154.7   167.5   238.0   267.4   283.7   295.2   310.7   330.2   362.0   452.5  1371.5  7661.0   7448.3     7451
read      279.3   149.5    80.4   136.7   151.8   262.8   314.5   340.4   359.3   381.5   410.9   465.1   639.6  1871.9  4406.0  48191.4    48208
read      280.0   125.6    86.8   147.7   164.9   269.6   310.7   333.0   348.6   368.0   392.7   430.8   543.1  1665.8  3346.7  16227.8    16149
read      340.4   475.1    80.4   134.1   149.6   257.5   316.7   349.2   372.9   401.8   443.5   541.9  2939.4  5618.4  8059.3  78969.3    78989
read      302.7   151.7    86.8   151.0   169.6   289.5   337.5   363.5   382.0   402.9   431.4   478.3   620.4  1916.3  4849.6  18903.2    18886
read      349.6   466.1    80.4   137.8   154.0   268.3   328.0   362.2   387.8   420.0   468.5   584.9  2832.2  5902.8  8120.2  75990.1    75954
read      280.5   139.5    80.4   139.6   155.7   269.2   319.3   344.8   363.3   384.2   410.1   453.3   567.1  1313.0  3783.6  44456.5    44409
read      296.9   108.2    80.4   156.4   176.7   289.9   332.5   355.5   371.7   392.2   418.3   461.3   571.4   786.5  2932.5  16420.6    16431
read      337.8   427.2    80.4   137.6   153.6   264.4   320.5   352.8   376.8   406.9   454.2   568.2  2689.1  5176.1  8031.0  85682.3    85707
read      272.5   113.5    80.4   135.6   150.7   258.4   313.0   340.8   360.4   382.3   409.4   453.3   554.5   783.2  2951.6  58334.4    58253
read      292.4   150.8    80.4   142.7   160.1   267.9   320.8   351.6   374.1   402.2   441.4   513.9   712.8  1708.2  3978.9 103887.7   103867
read      290.7   108.0    80.4   147.5   166.4   285.8   329.8   353.3   369.8   390.1   415.4   455.9   546.0   736.8  2712.1  21532.0    21604
read      331.7   413.2    80.4   137.1   152.2   257.8   315.2   347.5   372.0   402.0   447.3   568.1  2626.3  4945.8  7959.4  90302.9    90401
read      259.2   111.5    80.4   132.3   146.2   238.6   292.7   322.3   343.3   367.5   396.7   438.9   548.4   938.5  2028.3  84456.1    84467
read      267.9   127.2    80.4   136.4   151.2   246.7   298.1   327.2   348.1   372.9   404.1   456.4   591.5  1198.9  2916.4  99550.7    99700
read      298.7   117.5    80.4   139.8   157.3   291.4   344.6   372.9   393.3   416.9   447.1   495.7   587.6   742.5  2500.6  32076.9    32052
read      285.0   109.3    80.4   150.1   168.6   281.8   322.2   343.6   359.1   375.6   398.1   431.0   505.2   679.1  3599.0  18191.2    18173
read      301.2   303.7    80.4   133.9   148.9   252.4   309.8   340.3   362.2   387.9   422.4   494.0  1605.3  3791.4  7928.7  67876.8    67789
read      268.3   109.5    80.4   136.7   151.4   257.1   309.6   335.6   353.4   373.2   398.3   434.0   513.6   710.1  2763.3  51862.3    51929
read      262.9   111.3    80.4   132.3   146.9   242.5   296.1   326.3   347.5   372.3   402.8   450.3   572.2   954.1  1897.6  83998.3    83850
read      299.7   110.6    80.4   153.7   175.0   293.4   337.7   361.7   378.3   398.5   425.4   467.7   571.3   779.9  3084.9  18614.0    18614
read      316.5   133.3    80.4   143.9   164.2   306.9   364.2   394.5   416.2   441.4   476.4   531.7   636.7   850.0  3198.4  29314.9    29315
read      345.8   316.3    86.8   151.0   170.9   292.1   351.5   388.4   417.2   455.5   511.0   618.2  1611.9  4058.1  7857.6 108051.5   108090
read      309.0   126.8    80.4   145.8   165.7   300.2   352.7   380.8   400.8   425.3   457.8   509.1   621.4   862.2  2882.2  26987.3    27024
read      273.5   112.8    80.4   136.8   151.9   261.4   313.8   340.0   358.6   379.6   406.1   451.5   569.0   805.1  2679.9  49775.1    49907

Total QPS = 53834.2 (67831112 / 1260.0s)

Total connections = 64
Misses = 0 (0.0%)
Skipped TXs = 0 (0.0%)

RX 16754285405 bytes :   12.7 MB/s
TX          0 bytes :    0.0 MB/s
Warning! Detected max cpu usage > 95%
