Timestamp start: 1778754568917
Timestamp end: 1778755629214

#type       avg     std     min      p5     p10     p50     p67     p75     p80     p85     p90     p95     p99    p999   p9999      QPS   target
read      226.9   110.7    86.8   145.3   159.5   216.5   238.8   252.2   262.7   274.1   291.3   318.7   436.4  1384.6  4632.4   6887.9     6927
read      275.5   171.4    74.4   118.3   131.3   250.6   305.6   338.6   365.6   400.0   448.0   523.6   691.6  2023.9  4743.3  52754.6    52892
read      257.4   200.5    74.4   120.7   134.8   232.8   281.6   307.7   326.3   348.8   380.9   436.7   638.3  3269.5  6824.1  98885.8    98921
read      295.4   311.8    74.4   117.3   130.1   247.1   306.3   342.7   374.1   418.0   477.4   572.7   989.8  4972.5  7938.7  61045.7    61129
read      312.2   221.5    74.4   120.4   136.3   276.6   346.6   389.3   420.1   456.5   504.0   580.8   878.6  2785.1  7286.1  40593.3    40613
read      273.9   176.0    74.4   117.8   130.6   249.4   303.2   335.2   361.3   395.5   443.1   518.9   695.2  2057.3  5765.3  53136.7    53226
read      318.6   220.8    74.4   121.4   138.5   286.2   359.2   399.7   429.1   463.1   507.3   580.0   855.8  2757.1  7129.3  38578.3    38560
read      257.7   208.0    68.9   121.4   135.8   234.3   282.5   308.2   326.9   349.8   382.4   439.7   637.7  2779.1  6908.1 103308.9   103465
read      266.9   166.4    68.9   123.5   138.8   241.7   290.6   317.2   337.6   363.3   399.4   469.7   781.4  2041.1  4679.1 104774.0   104758
read      246.9   127.2    74.4   119.2   132.9   229.9   278.2   303.7   321.2   343.5   372.8   424.8   578.0  1224.2  3240.7  94758.5    94759
read      312.3   217.9    74.4   119.2   135.9   281.2   352.7   392.5   420.7   453.5   496.2   564.6   793.6  2806.5  7350.8  37767.3    37799
read      232.7   102.5    86.8   144.5   160.0   222.1   246.7   261.2   271.5   284.8   301.6   331.4   466.7  1370.8  3159.1   8293.3     8296
read      304.8   306.0    74.4   118.7   132.1   246.3   307.0   344.9   379.6   431.5   511.1   637.6  1270.6  4558.6  7700.5  69472.3    69443
read      251.8   128.3    80.4   140.2   158.6   240.6   272.7   290.6   303.6   318.7   339.4   371.5   494.2  1689.6  3791.8  12521.9    12517
read      268.9   160.0    74.4   120.9   134.2   252.2   300.7   329.1   350.8   378.7   416.8   474.8   621.5  1885.8  5462.5  43541.3    43591
read      274.8   164.0    74.4   131.4   149.3   258.8   301.7   325.7   343.1   364.3   391.3   433.0   594.5  2339.6  4690.9  20441.6    20430
read      264.0   311.8    74.4   119.8   133.5   232.3   281.9   308.1   326.9   349.7   382.0   439.9   658.6  6270.4  8825.7  93950.9    93758
read      238.9    95.5    80.4   141.2   158.4   229.8   258.1   273.5   285.7   299.1   317.6   346.5   451.3  1214.2  2428.4  10409.9    10485
read      266.3   144.9    80.4   134.4   153.0   253.8   292.4   313.4   328.5   345.9   369.7   407.3   548.4  1999.7  4853.9  16597.6    16518
read      278.8   379.3    74.4   118.4   131.5   231.7   284.0   311.4   331.5   356.3   392.7   470.6  1013.6  6441.5  7994.0  83143.7    83230
read      215.2   149.8    80.4   142.3   153.5   201.2   220.4   231.3   239.2   250.0   264.7   290.3   519.7  1953.0  7293.2   5451.5     5484
read      280.4   207.9    68.9   115.0   127.9   249.1   306.0   340.4   369.1   406.1   457.7   541.5   803.6  2695.1  7068.0  55550.1    55611
read      272.9   444.7    80.4   128.8   146.2   256.0   298.4   321.6   338.8   359.0   384.8   426.2   623.6  2198.6  5948.7  20768.5    20774
read      260.7   301.6    68.9   118.7   132.2   229.3   278.9   305.1   323.5   345.9   377.1   433.5   673.7  6279.6  8074.2  96527.3    96726
read      295.2   230.0    74.4   120.5   137.0   267.7   323.1   356.0   379.7   406.9   442.1   501.0   884.6  2965.8  7807.3  32453.7    32442
read      295.8   349.6    74.4   115.1   128.0   237.6   298.0   334.5   365.2   407.9   474.0   588.1  1248.2  5664.2  8251.1  72968.1    73039
read      286.8   270.6    68.9   115.4   128.2   238.0   299.0   335.8   367.2   412.4   480.7   590.6   990.6  3628.2  8027.6  74133.3    74055
read      275.6   192.3    74.4   116.7   129.5   250.6   303.9   335.6   361.3   394.3   437.6   510.0   725.0  2448.7  5951.3  51222.3    51197
read      264.9   161.5    74.4   114.2   126.3   241.8   296.9   328.9   354.5   388.6   434.0   504.6   656.1  1681.4  4544.0  59440.8    59442
read      306.3   255.5    74.4   118.2   134.4   273.8   337.7   373.6   399.3   428.8   465.6   528.9  1007.8  3291.7  7862.6  35769.2    35654
read      251.6   180.4    74.4   115.9   128.7   225.3   278.6   305.6   324.3   346.9   380.0   445.8   694.2  2433.3  5981.7  78743.6    78747
read      307.4   241.0    74.4   115.7   131.1   272.7   342.7   384.0   413.0   446.9   490.7   559.1   872.2  3130.1  7701.7  42241.9    42212
read      264.7   148.9    74.4   115.8   128.6   247.0   297.9   327.1   350.0   380.3   421.5   484.4   639.3  1687.6  3294.3  52449.9    52488
read      304.6   232.1    74.4   118.4   134.2   273.8   337.6   374.1   400.5   431.3   469.5   535.3   898.2  3144.1  7379.7  36991.7    36950
read      256.3   152.0    74.4   131.6   149.2   242.3   277.6   297.0   312.0   329.4   352.1   390.8   568.7  2006.4  7015.5  16795.5    16762
read      252.3   256.3    68.9   117.0   129.8   225.7   277.4   303.2   320.5   341.6   369.1   416.7   601.7  4842.1  8043.7  79510.0    79473
read      301.2   369.7    74.4   115.4   128.3   248.3   307.3   343.3   373.8   416.5   474.7   577.2  1164.4  5832.5  9790.9  61441.3    61431
read      297.2   426.7    74.4   121.5   135.6   241.3   294.5   322.5   343.6   370.4   409.3   498.5  1470.8  6483.4 12064.1  87066.7    87172
read      266.9   179.3    74.4   125.0   140.1   242.3   290.5   317.0   337.5   363.4   399.6   467.9   698.8  2489.9  5121.9 108312.1   108181
read      249.9   181.0    74.4   118.2   130.9   227.3   278.3   304.3   322.0   343.6   372.0   424.3   641.8  2438.7  6899.9  80597.3    80515
read      282.5   137.5    74.4   121.1   137.9   270.3   323.2   353.1   374.1   399.6   431.5   481.0   602.1  1347.2  3345.4  37163.3    37149
read      249.1   155.8    80.4   138.4   156.6   233.1   262.9   279.1   291.8   307.3   327.8   365.7   629.9  2025.8  7157.3  13406.9    13444
read      268.8   312.1    74.4   118.9   131.8   233.5   285.3   311.3   329.7   351.8   383.2   445.5   801.8  5760.0  8118.5  71987.1    72057
read      255.2   182.6    74.4   118.1   130.8   231.9   284.0   310.0   328.5   350.7   383.0   447.6   679.9  2219.7  6184.1  70069.7    70041
read      267.1   226.5    74.4   120.4   134.4   235.0   285.9   312.6   332.4   356.9   392.0   462.6   913.5  3265.6  7386.3  90186.7    90162
read      285.1   234.6    74.4   116.7   130.1   250.9   304.5   337.2   364.6   400.4   450.6   536.4   960.3  3082.6  7488.4  52056.1    52082
read      290.7   248.8    74.4   126.7   144.0   260.1   307.0   333.5   352.8   375.2   405.5   461.1  1151.4  3191.3  7749.0  24353.1    24258
read      273.3   278.2    74.4   118.8   131.9   235.5   288.3   315.1   335.0   360.0   396.9   485.8  1000.4  4236.9  7913.8  71946.2    72013
read      305.9   308.1    74.4   119.0   132.7   256.0   315.3   353.9   387.1   430.4   491.7   600.5  1196.9  4434.6  8007.9  57976.7    58012
read      303.7   318.8    74.4   120.1   134.6   260.0   315.0   349.2   377.3   412.3   459.8   545.4  1259.3  4809.8  8118.3  45415.0    45398
read      267.6   159.4    74.4   117.9   131.0   249.0   298.9   328.4   351.7   382.0   422.2   484.7   637.8  1820.8  5208.4  50281.0    50177
read      321.7   426.3    74.4   122.4   138.8   266.0   320.2   354.2   379.9   411.4   454.1   532.1  1795.6  6942.2 10382.3  34459.3    34504
read      311.1   374.9    74.4   117.4   130.5   246.6   307.3   344.8   379.3   428.1   499.4   618.6  1584.8  5729.1  8071.1  65969.4    66010
read      245.9   151.6    74.4   117.4   130.0   227.2   278.6   303.6   320.3   341.0   367.9   414.1   597.8  1818.7  5310.5  74006.7    73937
read      288.1   253.4    74.4   117.5   130.5   249.6   305.7   339.7   368.2   405.7   459.6   548.0  1002.2  3560.7  7735.7  55043.5    55020
read      299.2   309.9    74.4   117.9   131.2   252.9   309.2   343.9   373.4   411.9   465.0   561.3  1244.9  4375.4  8076.9  53317.7    53235
read      265.3   221.1    74.4   121.0   135.3   234.8   284.2   310.7   330.3   354.6   389.4   457.8   834.9  3180.7  7499.8  97554.9    97743
read      213.0    95.1    80.4   141.6   153.5   203.9   223.8   234.2   243.1   253.0   268.4   293.3   418.5  1274.5  3166.9   5454.0     5419
read      247.5   115.4    80.4   131.6   149.6   238.4   271.5   289.6   302.3   317.2   338.0   370.3   482.7  1507.5  3038.4  14728.5    14764
read      221.7   135.4    80.4   140.2   153.8   211.8   233.9   247.2   256.4   268.6   284.1   310.3   424.6  1419.3  5807.8   7455.1     7451
read      283.5   260.4    74.4   117.5   130.7   250.9   302.8   334.1   359.4   392.1   436.4   514.7   898.7  3706.6  8341.0  48213.1    48208
read      259.3   158.1    74.4   133.1   151.8   244.0   280.2   300.5   315.3   333.6   357.8   398.5   585.6  1990.9  7081.1  16102.4    16149
read      236.0   107.8    68.9   116.8   129.6   222.2   271.9   296.1   312.7   331.8   356.1   394.9   497.3   917.0  2806.6  78823.5    78989
read      230.6    84.4    74.4   137.3   153.6   229.1   251.4   263.8   272.1   283.2   296.0   319.3   390.1   676.6  3195.0  18828.0    18886
read      234.4   104.9    74.4   115.9   128.6   222.1   271.1   294.7   310.9   329.2   352.1   389.9   486.7   830.9  2604.2  76008.7    75954
read      240.4    97.7    74.4   122.6   136.3   240.7   277.0   294.1   306.4   319.3   337.9   366.5   447.5   918.8  2607.9  44377.3    44409
read      228.6    82.8    74.4   139.3   156.4   226.2   247.3   258.9   267.6   277.0   291.6   315.0   387.6   817.7  3006.1  16444.0    16431
read      235.1   105.0    68.9   116.6   129.3   220.1   269.5   294.2   311.3   331.0   356.5   397.9   507.2   822.5  2318.9  85895.9    85707
read      237.2   106.2    68.9   118.7   131.5   231.7   276.0   296.3   310.3   325.8   345.1   376.3   461.5   817.8  3782.8  58241.5    58253
read      240.5   112.0    68.9   119.2   132.6   224.0   271.2   296.1   314.0   335.4   364.1   412.0   541.8   928.5  2945.9 103793.0   103867
read      234.2    84.3    80.4   135.4   151.7   232.8   256.6   269.3   278.0   289.5   303.9   328.3   403.9   873.2  2664.9  14414.0    21604

Total QPS = 53112.3 (56299056 / 1060.0s)

Total connections = 64
Misses = 56299056 (100.0%)
Skipped TXs = 0 (0.0%)

RX  168897168 bytes :    0.2 MB/s
TX          0 bytes :    0.0 MB/s
Warning! Detected max cpu usage > 95%
CPU Usage Stats (avg/min/max): 99.83%,10.05%,100.00%
