#type       avg     std     min      p5     p10     p50     p67     p75     p80     p85     p90     p95     p99    p999   p9999      QPS   target       ts_start         ts_end
read      223.9    70.4   101.3   156.5   168.1   214.9   234.8   248.7   258.8   271.4   289.8   316.6   384.4   539.4  3772.9   4951.5     5000  1777036373538  1777036375794
read      238.0    93.8    86.8   146.7   164.2   231.8   257.2   271.2   281.6   293.5   310.3   337.9   406.4   932.7  2773.6  14884.0    15000  1777036377298  1777036379537
read      235.7    66.5    86.8   132.8   147.9   233.8   263.3   278.4   290.1   303.4   319.6   346.0   412.7   502.0   626.5  24903.0    25000  1777036381041  1777036383242
read      240.2    81.7    80.4   128.5   142.2   238.7   274.3   291.5   303.7   317.8   337.0   366.0   430.9   528.7  1285.1  34922.5    35000  1777036384747  1777036386946
read      240.3    81.7    80.4   125.2   138.3   237.3   278.2   297.3   311.4   326.9   345.6   376.3   443.0   549.3   897.8  44789.3    45000  1777036388451  1777036390649
read      237.5   109.3    80.4   120.5   133.0   230.0   276.1   296.4   310.9   326.8   346.0   377.2   456.0   741.8  3807.9  54967.5    55000  1777036392154  1777036394359
read      241.2    99.8    74.4   120.9   133.6   228.5   281.8   306.3   322.2   340.7   364.2   399.5   486.7   638.6  2204.0  64877.9    65000  1777036395863  1777036398066
read      244.9   102.4    80.4   121.6   134.7   230.1   283.6   309.0   326.2   346.0   371.9   414.0   521.4   703.1  1886.2  74979.9    75000  1777036399570  1777036401770
read      234.6   103.8    74.4   120.0   132.1   216.5   268.8   295.1   313.1   333.5   358.9   397.5   494.1   723.0  2040.0  84803.0    85000  1777036403274  1777036405475
read      231.4   111.3    80.4   119.3   131.2   210.8   260.0   286.7   305.4   327.1   355.3   399.0   503.2   723.5  3325.3  95182.1    95000  1777036406980  1777036409181
read      247.0   120.8    80.4   124.1   138.4   232.2   281.1   306.1   323.3   343.4   369.7   413.2   523.4   788.9  2036.2 105020.8   105000  1777036410686  1777036412887
read      248.8   114.2    80.4   126.5   140.6   232.2   279.2   304.4   321.7   343.4   371.6   419.4   542.8   925.9  3142.1 115054.0   115000  1777036414391  1777036416590
read      261.1   121.3    74.4   130.7   146.0   242.0   290.1   316.3   336.3   360.8   393.8   452.7   597.0  1003.6  2817.8 125258.2   125000  1777036418094  1777036420294
Warning! Detected max cpu usage > 95%
CPU Usage Stats (avg/min/max): 51.24%,2.49%,100.00%
