#type       avg     std     min      p5     p10     p50     p67     p75     p80     p85     p90     p95     p99    p999   p9999      QPS   target       ts_start         ts_end
read      229.6   177.4    93.8   152.8   164.9   213.8   234.7   249.0   260.0   274.0   294.4   325.3   418.4  2601.7  9143.7   4975.0     5000  1777035527019  1777035529289
read      236.3    64.5    86.8   143.8   161.5   231.1   258.0   272.7   284.0   296.2   314.0   342.3   402.9   510.2  1748.8  14907.0    15000  1777035530794  1777035533044
read      246.5    75.9    80.4   133.1   149.1   245.9   277.7   293.7   305.8   319.0   338.3   368.0   441.9   579.9  1058.4  25156.9    25000  1777035534548  1777035536747
read      245.7   101.6    80.4   127.2   140.7   243.3   280.3   298.0   310.9   325.2   344.9   377.4   461.9   901.0  4072.4  34928.9    35000  1777035538250  1777035540450
read      253.7   122.8    80.4   123.1   137.4   250.4   295.1   315.9   330.5   346.1   368.2   402.5   493.8   902.8  4066.7  45081.5    45000  1777035541954  1777035544155
read      251.6    99.4    80.4   123.1   136.7   243.5   293.5   316.6   332.8   350.9   375.0   415.4   519.3   757.0  1404.1  55169.0    55000  1777035545660  1777035547862
read      249.6   113.0    80.4   121.6   134.9   234.3   289.4   315.5   333.6   354.1   380.6   424.4   528.0   769.5  3874.1  64823.0    65000  1777035549366  1777035551566
read      252.4   145.4    74.4   120.9   134.4   233.7   288.9   315.8   334.8   356.8   385.5   432.2   552.3  1119.8  4337.0  75186.5    75000  1777035553071  1777035555273
read      257.7   135.7    74.4   123.0   137.3   240.3   292.8   320.4   340.3   364.2   395.0   445.3   564.5   867.9  3297.6  84938.7    85000  1777035556777  1777035558981
read      258.0   106.7    74.4   125.7   140.2   241.4   292.9   320.5   341.1   365.9   398.0   449.6   559.2   774.1  1188.4  95094.2    95000  1777035560485  1777035562694
read      321.4   152.8    74.4   140.9   162.6   296.7   356.1   392.6   421.6   458.3   506.8   590.5   795.9  1073.0  2635.8 104883.8   105000  1777035564198  1777035566400
read      405.6   232.3    80.4   156.2   186.2   364.1   451.6   500.3   538.4   590.2   675.1   814.1  1063.8  1384.1  7188.1 114892.4   115000  1777035567904  1777035570110
read      501.7   218.5    80.4   249.0   296.7   451.4   525.1   599.7   670.7   737.8   805.0   890.5  1016.8  1345.8  6102.9 121170.5   125000  1777035571615  1777035573815
Warning! Detected max cpu usage > 95%
CPU Usage Stats (avg/min/max): 50.75%,1.51%,100.00%
