#type       avg     std     min      p5     p10     p50     p67     p75     p80     p85     p90     p95     p99    p999   p9999      QPS   target       ts_start         ts_end
read      230.3    80.5    86.8   160.8   172.5   220.0   240.8   254.0   265.4   278.2   296.9   328.2   402.9  1107.4  4752.1   4960.5     5000  1777035067950  1777035070212
read      258.7   120.7    86.8   145.1   166.0   249.4   282.8   300.2   313.3   328.8   348.6   383.4   471.1  2026.8  3495.4  14832.0    15000  1777035071717  1777035073956
read      276.4    96.9    86.8   138.3   155.3   273.3   317.3   339.5   355.4   373.3   398.1   435.0   519.0   689.2  1816.0  25003.0    25000  1777035075460  1777035077660
read      286.2   114.4    80.4   132.0   148.5   280.7   332.8   360.5   379.5   401.3   430.3   472.6   568.9   733.7  1386.0  35042.5    35000  1777035079164  1777035081367
read      290.6   132.3    80.4   129.7   146.4   276.0   336.0   368.0   391.2   418.4   452.4   503.2   614.2   856.5  4399.4  44881.8    45000  1777035082872  1777035085073
read      305.4   157.3    74.4   130.4   149.0   282.8   346.8   384.8   412.3   444.9   486.6   547.9   713.9  1150.9  3095.9  54917.5    55000  1777035086578  1777035088778
read      340.1   172.7    80.4   141.0   163.1   312.8   384.5   426.3   456.8   493.1   540.0   625.7   835.2  1237.9  4062.3  65154.9    65000  1777035090284  1777035092485
read      906.4   391.8   109.4   624.4   679.3   814.9   864.2   904.7   937.3  1086.6  1433.5  1593.5  1787.8  7201.6  9046.0  71364.9    75000  1777035093990  1777035096191
read      875.8   379.5   127.6   620.3   658.7   775.7   821.6   858.1   902.3  1180.1  1409.2  1530.9  1708.2  7107.8  9599.6  75109.5    85000  1777035097695  1777035099894
read      912.2   409.3   137.8   643.9   694.9   814.0   859.8   894.0   929.2  1060.4  1458.0  1600.7  1795.9  7165.3  9037.2  72176.3    95000  1777035101399  1777035103600
read      920.0   385.0   127.6   681.9   711.8   820.3   860.7   890.7   924.0  1028.0  1486.8  1606.5  1751.2  7227.6  8496.2  71775.1   105000  1777035105104  1777035107306
read      860.3   382.7   173.5   606.8   646.3   758.8   802.6   845.2   889.2  1194.3  1388.5  1497.7  1667.7  7143.0  9225.4  76691.2   115000  1777035108810  1777035111014
read      832.5   349.2   137.8   600.2   632.6   734.0   779.4   804.7   851.1  1143.3  1347.5  1460.3  1608.8  6998.7  7971.5  78907.0   125000  1777035112519  1777035114717
Warning! Detected max cpu usage > 95%
CPU Usage Stats (avg/min/max): 50.25%,0.50%,100.00%
