#type       avg     std     min      p5     p10     p50     p67     p75     p80     p85     p90     p95     p99    p999   p9999      QPS   target       ts_start         ts_end
read      226.9    61.1    93.8   158.0   169.0   217.5   239.4   253.2   263.8   274.9   293.3   326.4   396.3   567.9  2039.8   4907.5     5000  1777035134746  1777035137003
read      262.6    93.3    86.8   148.2   169.4   257.8   290.3   308.2   320.0   336.0   355.9   388.3   464.5   944.7  3923.6  14906.0    15000  1777035138507  1777035140747
read      277.6   104.4    80.4   137.7   154.9   274.4   317.6   340.0   356.0   373.8   398.5   435.8   525.8   740.0  2371.6  25116.5    25000  1777035142251  1777035144450
read      283.1   108.1    80.4   133.0   149.3   278.0   328.8   354.7   372.6   394.1   421.3   463.9   568.0   771.3  1888.1  34718.3    35000  1777035145955  1777035148157
read      296.2   146.5    80.4   132.2   149.1   280.4   339.9   372.1   395.6   423.5   459.0   510.7   638.6  1250.0  4288.1  45030.3    45000  1777035149661  1777035151860
read      306.0   143.4    74.4   132.7   151.1   287.0   349.1   385.5   411.7   442.6   483.5   544.1   698.1   993.9  2745.5  54983.3    55000  1777035153364  1777035155576
read      328.8   152.6    80.4   140.2   161.9   306.1   373.1   412.6   441.4   474.3   517.5   586.3   769.9  1073.5  3698.9  65091.5    65000  1777035157080  1777035159279
read      430.1   221.5    80.4   165.1   198.4   391.6   483.0   536.2   576.6   628.4   703.7   834.0  1129.8  1396.9  4749.5  74985.1    75000  1777035160784  1777035162983
read      880.6   369.0   118.1   637.4   672.9   786.9   834.6   864.1   902.4  1020.9  1412.9  1551.1  1723.1  7129.5  8023.8  74644.4    85000  1777035164488  1777035166686
read      899.6   386.3   148.8   646.4   684.5   796.9   846.3   872.1   922.0  1138.5  1448.1  1575.5  1737.8  7120.5  8075.3  73235.8    95000  1777035168191  1777035170387
read      898.4   451.5   101.3   633.0   674.2   790.9   840.8   869.4   923.9  1222.5  1445.5  1566.2  1733.0  7313.5 14762.2  73418.3   105000  1777035171892  1777035174092
read      860.1   370.4   148.8   614.3   652.2   759.3   800.7   839.5   872.3  1195.2  1392.6  1493.8  1642.6  7140.8  8059.2  76585.7   115000  1777035175597  1777035177795
read      877.3   399.2   127.6   619.0   657.2   774.9   821.4   857.8   900.2  1179.8  1408.5  1529.7  1707.8  7222.9  8962.9  75270.5   125000  1777035179300  1777035181502
Warning! Detected max cpu usage > 95%
CPU Usage Stats (avg/min/max): 51.74%,3.48%,100.00%
