1777908163 1.0
1777908164 1.0
1777908165 0.0
1777908166 0.0
1777908167 2.2
1777908168 3.3000000000000003
1777908169 1.0
1777908170 2.2
1777908171 8.3
1777908172 7.800000000000001
1777908173 0.0
1777908174 10.3
1777908175 24.5
1777908176 12.7
1777908177 1.0
1777908178 41.599999999999994
1777908179 51.7
1777908180 7.1
1777908181 14.4
1777908182 95.8
1777908183 71.5
1777908184 1.0
1777908185 58.6
1777908186 120.0
1777908187 56.6
1777908188 0.0
1777908189 110.4
1777908190 137.0
1777908191 29.9
1777908192 14.1
1777908193 156.8
1777908194 144.3
1777908195 1.0
1777908196 66.7
1777908197 173.1
1777908198 112.0
1777908199 1.0
1777908200 130.4
1777908201 180.8
1777908202 58.6
1777908203 0.0
1777908204 190.1
1777908205 198.0
1777908206 7.0
1777908207 54.0
1777908208 198.0
1777908209 146.7
1777908210 2.0
1777908211 112.2
1777908212 200.0
1777908213 88.0
1777908214 0.0
