#type       avg     std     min      p5     p10     p50     p67     p75     p80     p85     p90     p95     p99    p999   p9999      QPS   target       ts_start         ts_end
read      255.3    92.3   118.1   163.9   178.4   246.2   272.4   288.5   299.8   314.2   333.5   365.0   450.5  1109.0  3114.8   4903.0     5000  1777908270448  1777908272705
read      279.7    79.3   101.3   165.7   182.5   277.2   309.5   326.7   339.3   354.2   372.7   402.5   472.0   674.8  2090.1  15091.0    15000  1777908274209  1777908276453
read      293.4   113.7   109.4   160.3   176.5   286.1   325.0   344.9   360.2   376.7   400.0   441.2   623.1  1441.5  2996.4  24770.5    25000  1777908277957  1777908280160
read      318.3   277.0    93.8   152.6   168.3   287.7   335.5   360.4   378.0   400.7   434.6   513.6  1236.0  3599.9 10239.6  35177.0    35000  1777908281665  1777908283864
read      279.4   125.8    93.8   145.0   159.4   270.7   321.0   345.7   362.9   381.9   404.5   444.4   543.6   807.1  4233.8  45057.9    45000  1777908285369  1777908287572
read      272.0   112.5    86.8   141.5   155.2   259.7   313.1   339.7   358.1   378.3   402.8   441.1   523.8   724.6  2770.6  55071.0    55000  1777908289076  1777908291276
read      272.7   106.5    86.8   140.8   154.8   258.8   316.5   343.8   362.4   382.9   407.6   446.7   531.9   696.3  1594.2  64742.9    65000  1777908292781  1777908294983
read      278.8   115.4    93.8   142.3   156.6   260.3   321.0   351.7   372.3   395.4   423.2   463.7   559.6   876.0  1999.1  74992.8    75000  1777908296487  1777908298688
read      272.0   143.7    86.8   141.0   154.8   250.1   308.1   338.8   359.9   383.0   409.8   451.6   548.9  1097.6  5981.9  85034.9    85000  1777908300193  1777908302394
read      288.5   109.7    86.8   150.4   166.5   273.5   329.1   358.4   378.3   401.0   429.5   468.7   560.5   772.2  2508.6  94550.5    95000  1777908303899  1777908306112
read      301.3   141.9    86.8   150.3   166.7   275.6   335.0   367.7   391.2   419.1   456.8   525.4   736.5  1278.6  3360.2 105096.4   105000  1777908307617  1777908309819
read      312.9   155.8    93.8   155.6   174.4   288.7   346.0   378.7   402.1   431.3   469.4   539.9   744.9  1333.0  4690.9 114918.0   115000  1777908311324  1777908313524
read      382.4   176.6    93.8   180.9   208.4   354.9   421.8   462.3   493.9   533.9   587.4   676.7   864.3  1331.9  4072.1 124951.9   125000  1777908315029  1777908317229
Warning! Detected max cpu usage > 95%
CPU Usage Stats (avg/min/max): 50.25%,0.50%,100.00%
