#type       avg     std     min      p5     p10     p50     p67     p75     p80     p85     p90     p95     p99    p999   p9999     QPS   target
read      332.5   109.0   109.4   211.1   235.4   323.7   354.7   372.3   387.5   403.8   429.8   470.4   581.1  1469.5  3913.4   5048.8     5000
read      385.6   144.5   109.4   213.7   249.3   374.0   425.2   452.5   470.9   494.3   522.9   570.8   688.8  1727.2  4028.9   9983.6    10000
read      386.0   149.2    93.8   187.5   222.1   382.4   435.3   463.0   483.1   505.7   535.9   582.0   693.1  1608.9  3897.7  14919.2    15000
read      375.5   156.6    86.8   169.8   196.4   371.4   431.7   462.2   483.7   507.3   538.7   587.7   713.6  1616.2  3183.9  20014.2    20000
read      402.5   203.6    86.8   164.8   190.6   388.3   460.2   498.9   526.3   557.1   597.3   675.1   988.8  2308.0  6166.4  24925.3    25000
read      420.2   207.5    93.8   164.5   191.2   405.6   488.3   530.1   559.3   594.1   641.5   728.9  1012.3  1983.6  4012.8  29947.4    30000
read      469.9   270.2    86.8   165.6   197.3   437.0   532.4   582.1   619.8   667.2   736.0   878.0  1448.5  2680.1  4186.2  34960.8    35000
read      447.5   260.4    86.8   165.0   196.0   419.5   513.0   560.9   594.5   635.9   691.6   795.4  1207.4  2996.5  7362.6  39953.8    40000
read      886.1   686.4    93.8   225.4   294.7   749.7  1053.5  1189.9  1274.3  1370.8  1498.8  1805.8  2701.7  7995.0  9778.7  44989.2    45000
read     1506.8   832.4   137.8   969.2  1047.7  1337.9  1464.8  1549.1  1612.3  1723.6  2022.1  2556.7  7363.0  8125.5 10569.6  45823.8    50000
read     1509.0   836.7   218.6  1021.9  1084.2  1342.8  1455.0  1524.2  1584.9  1673.1  1869.6  2542.2  7472.9  8135.3 10999.1  45988.0    55000
read     1502.6   828.7   160.7  1025.4  1091.5  1337.8  1440.4  1495.6  1557.9  1628.8  1869.7  2555.7  7499.3  8121.7 10251.6  46145.0    60000
read     1490.2   827.4   236.1  1012.2  1072.7  1321.7  1433.9  1499.2  1567.4  1654.1  1872.7  2506.7  7428.3  8131.2 11342.3  46531.8    65000
read     1556.9   865.1   187.4  1045.1  1117.5  1384.3  1491.6  1568.0  1618.3  1708.7  1895.7  2635.0  7584.4  8355.8 10169.8  44805.7    70000
read     1523.6   836.9   118.1  1024.0  1096.8  1354.8  1465.9  1538.4  1596.4  1690.5  1913.6  2579.0  7431.0  8420.2 10404.0  45582.6    75000
read     1547.7   853.0   160.7  1063.1  1130.2  1376.3  1478.1  1545.1  1594.1  1674.6  1861.7  2621.9  7557.1  9045.5 11409.7  44961.6    80000
Warning! Detected max cpu usage > 95%
CPU Usage Stats (avg/min/max): 66.33%,0.50%,100.00%
