#type       avg     std     min      p5     p10     p50     p67     p75     p80     p85     p90     p95     p99    p999   p9999     QPS   target
read      282.7   158.1   109.4   182.9   198.7   263.9   290.7   306.9   318.8   338.3   364.4   407.3   662.4  1602.3  7395.7   5007.4     5000
read      336.4   300.4   109.4   179.3   200.5   292.7   336.3   362.9   380.7   401.7   433.1   500.1  1526.0  3769.0  8038.1  10022.2    10000
read      364.9   400.4    93.8   168.6   192.1   317.8   375.9   404.5   426.3   452.4   488.2   550.6  1351.8  7139.8  8877.4  15009.2    15000
read      381.6   298.8    93.8   164.4   187.7   352.5   418.9   453.6   478.5   509.0   548.8   619.6  1051.9  4937.5  7950.7  20125.4    20000
read      512.4   708.5    93.8   164.3   192.4   393.6   475.4   522.6   557.6   606.2   686.1  1183.2  3537.6  9367.9 12035.4  25043.4    25000
read      565.1   729.0    93.8   170.1   205.7   430.1   528.3   585.2   630.6   694.7   840.7  1450.4  3277.4  8758.1 15428.6  29932.4    30000
read      795.7   836.1    80.4   199.5   260.9   562.5   738.7   930.3  1194.5  1415.3  1559.0  1737.0  3849.1  8417.5 14937.0  34983.1    35000
read     1857.9  1019.2   118.1  1398.5  1461.9  1641.6  1708.2  1739.5  1788.9  1853.9  2004.9  3169.8  7822.8  9088.6 12577.3  37783.6    40000
read     1812.8  1073.7   137.8  1339.2  1399.1  1566.0  1631.5  1690.3  1727.0  1810.5  2057.6  3097.0  7824.4 10065.8 16198.5  38855.2    45000
read     1784.9   991.9   148.8  1352.8  1402.2  1563.6  1622.2  1680.2  1716.5  1769.1  1922.3  3035.7  7793.6  9556.2 11735.3  39558.1    50000
read     1868.4  1063.1   160.7  1408.5  1454.9  1620.8  1694.4  1729.1  1762.9  1843.0  2003.7  3179.5  7858.3  9776.2 15447.9  38022.2    55000
read     1888.9  1053.5   109.4  1440.6  1502.2  1657.0  1718.2  1748.4  1803.8  1859.3  2016.7  3190.0  7849.4  9983.3 16150.0  37567.4    60000
read     1696.5   923.7   404.6  1298.3  1334.3  1485.8  1557.1  1593.2  1615.8  1698.2  1878.1  2882.4  7711.5  8853.1 11993.2  41430.2    65000
read     1943.2  1045.0   148.8  1503.0  1535.1  1706.5  1776.1  1824.9  1855.3  1885.8  2038.6  3295.7  7865.7  9747.2 13287.8  36639.8    70000
read     1779.1   959.5   187.4  1387.6  1413.8  1567.8  1618.9  1674.2  1708.7  1743.3  1910.7  3013.8  7779.7  9077.9 12166.9  39747.2    75000
read     1781.5   967.1   127.6  1379.0  1409.3  1565.7  1620.2  1675.6  1710.2  1744.8  1901.0  3039.5  7774.7  8981.8 12163.5  39590.0    80000
Warning! Detected max cpu usage > 95%
CPU Usage Stats (avg/min/max): 66.30%,0.00%,100.00%
