#type       avg     std     min      p5     p10     p50     p67     p75     p80     p85     p90     p95     p99    p999   p9999     QPS   target
read      299.2    98.5   109.4   180.2   200.1   289.0   325.9   349.0   365.2   383.8   406.7   445.4   526.7   727.7  3923.3   4983.4     5000
read      333.0   148.6   101.3   172.2   199.1   321.2   371.1   396.2   414.6   435.7   463.5   506.2   608.5  1595.2  5551.7   9944.4    10000
read      348.0   136.3    93.8   163.8   188.1   348.0   397.6   424.1   442.7   464.8   494.5   540.5   637.3   819.7  4020.1  15025.2    15000
read      376.9   736.8    86.8   160.0   183.0   367.9   423.6   453.2   473.3   500.3   534.8   588.7   723.8  1793.2 43196.5  19926.3    20000
read      406.8   315.0    93.8   163.8   186.3   386.1   452.0   488.9   515.9   546.8   589.5   664.9  1218.8  4779.9  8095.1  25070.2    25000
read      412.0   275.9    93.8   160.0   182.6   387.6   463.1   503.8   533.5   569.3   617.9   699.0  1336.4  3210.1  7747.3  30097.2    30000
read      670.3   719.0    93.8   166.2   196.8   448.1   569.2   667.9   827.4  1284.0  1595.6  1921.8  2989.8  7972.8 10021.4  34806.8    35000
read     1978.6  1074.7   109.4  1179.8  1333.7  1805.5  1974.8  2073.5  2153.3  2260.8  2443.5  3343.6  7848.1  8900.3 12044.3  35109.2    40000
read     2057.3  1067.8   127.6  1295.1  1411.1  1858.3  2015.5  2114.9  2183.2  2295.2  2480.7  3474.2  7872.4  9513.7 12578.3  34467.6    45000
read     2122.3  1081.5   148.8  1354.7  1470.8  1909.3  2073.1  2169.6  2250.5  2351.8  2541.8  3580.0  7889.5  9134.7 11623.4  33579.2    50000
read     1979.9  1047.8   173.5  1218.1  1336.2  1783.1  1952.0  2048.1  2133.6  2237.0  2433.5  3270.1  7846.4  9138.6 12302.2  35805.2    55000
read     2022.6  2066.3   160.7  1155.2  1324.7  1816.3  1989.1  2090.9  2166.8  2279.5  2471.5  3341.7  7873.4 10082.4 107490.2  35287.6    60000
read     1977.4  1047.8   148.8  1245.8  1354.8  1775.0  1934.5  2025.2  2108.2  2198.1  2371.7  3311.3  7852.6  9366.1 12059.0  35910.6    65000
read     2003.7  1070.2   148.8  1253.4  1365.2  1796.1  1964.8  2058.8  2140.8  2244.1  2438.9  3332.3  7868.3  9560.2 13460.6  35564.0    70000
read     2038.4  1066.6   218.6  1295.6  1399.9  1827.7  1994.8  2093.6  2165.6  2277.1  2473.8  3424.6  7871.5  9028.8 11854.7  34942.4    75000
read     1995.5  1045.6   137.8  1256.1  1366.9  1796.9  1960.3  2049.9  2134.4  2237.0  2431.3  3326.8  7844.7  9340.5 12227.2  35516.8    80000
Warning! Detected max cpu usage > 95%
CPU Usage Stats (avg/min/max): 65.93%,1.00%,100.00%
