#type       avg     std     min      p5     p10     p50     p67     p75     p80     p85     p90     p95     p99    p999   p9999     QPS   target
read      295.4   117.1   118.1   181.2   200.3   284.4   319.6   339.5   354.4   372.5   396.5   433.4   526.0   848.9  5038.6   4952.6     5000
read      328.9   106.3   101.3   177.1   201.4   320.4   366.3   391.5   408.5   429.6   457.6   501.0   592.8   848.9  2564.1  10017.8    10000
read      350.4   127.5   101.3   170.5   194.1   344.1   399.4   427.5   447.5   470.0   500.4   545.2   648.2   857.6  3806.9  15021.0    15000
read      356.1   136.0    93.8   164.0   185.3   352.3   410.9   440.1   461.9   487.6   519.8   570.1   682.8   961.9  3487.0  20028.6    20000
read      398.3   275.2    93.8   164.9   186.5   378.3   444.9   481.2   507.0   537.7   579.0   647.2  1162.2  3833.7  7878.0  25057.0    25000
read      408.8   290.5    93.8   163.6   185.5   380.4   454.8   494.8   523.1   554.7   600.0   681.2  1544.7  3460.8  7972.0  30057.4    30000
read     1103.5  1055.3    93.8   188.7   237.1   644.4  1526.8  1731.7  1846.7  1972.9  2131.4  2422.2  5801.5  8131.6 11330.9  34437.1    35000
read     2054.3  1081.4   109.4  1294.5  1402.2  1851.8  2018.1  2119.8  2187.6  2298.7  2482.0  3454.7  7879.7  9372.6 12549.3  34556.0    40000
read     2020.5  1063.1   127.6  1290.0  1394.6  1811.8  1972.8  2064.9  2145.0  2250.1  2451.5  3426.5  7860.8  9593.1 12507.8  35118.2    45000
read     2074.1  1082.8   137.8  1322.8  1429.4  1861.3  2025.5  2128.8  2195.8  2311.4  2503.1  3482.0  7886.1  9650.4 13231.0  34339.8    50000
read     2008.5  1058.9   148.8  1269.1  1376.1  1796.4  1963.4  2060.6  2148.2  2264.3  2478.2  3343.9  7863.9  9413.7 11988.9  35376.0    55000
read     2072.0  1075.1   173.5  1334.8  1440.6  1857.4  2013.1  2113.2  2183.0  2296.7  2491.4  3487.0  7879.0  9777.7 14024.6  34376.3    60000
read     2049.6  1068.3   137.8  1309.4  1419.0  1849.3  2001.3  2093.9  2163.2  2263.9  2434.6  3464.9  7868.8  9365.5 13832.6  34676.4    65000
read     2047.6  1063.1   137.8  1297.5  1404.7  1845.5  2004.4  2101.0  2170.0  2274.6  2453.6  3465.5  7870.0  9550.0 11461.6  34738.6    70000
read     2085.8  1081.7   173.5  1335.5  1439.9  1874.4  2028.0  2130.9  2197.8  2315.1  2517.5  3506.7  7886.0  9787.2 14166.9  34096.6    75000
read     2043.2  1062.4   202.4  1306.9  1413.5  1841.5  1995.2  2086.5  2157.7  2256.9  2430.5  3462.2  7869.7  9675.7 12792.9  34827.2    80000
Warning! Detected max cpu usage > 95%
CPU Usage Stats (avg/min/max): 65.89%,0.00%,100.00%
