#type       avg     std     min      p5     p10     p50     p67     p75     p80     p85     p90     p95     p99    p999   p9999     QPS   target
read      307.9   105.6   109.4   182.8   204.1   298.1   335.6   357.8   374.3   395.0   420.6   458.4   542.1   875.0  3701.0   4988.0     5000
read      355.5   158.2   101.3   181.8   209.4   340.6   397.4   426.7   447.4   470.5   502.1   548.5   676.1  1871.5  5126.4  10041.4    10000
read      405.8   243.7   101.3   177.4   207.4   390.5   453.6   486.7   509.3   538.3   577.3   640.3   861.4  3339.9  7884.1  14999.6    15000
read      369.3   140.9    93.8   165.0   187.4   367.5   429.0   461.2   484.0   509.1   542.4   593.7   706.7  1001.0  2828.1  19940.8    20000
read      408.2   232.2    93.8   165.2   188.4   393.3   467.0   505.6   533.1   565.7   609.9   680.9  1014.0  2948.6  7393.1  25077.8    25000
read      411.5   235.3    93.8   162.7   186.7   393.6   468.7   508.2   537.2   572.9   621.0   703.4  1139.1  2547.3  7287.8  30011.0    30000
read     1921.0  1127.2   101.3   499.4  1111.2  1784.9  1995.4  2122.0  2214.1  2338.4  2549.4  3344.4  7834.1  9195.6 10983.8  34617.6    35000
read     2014.2  1066.5   127.6  1224.2  1343.8  1809.6  1988.8  2099.0  2180.2  2309.3  2528.6  3370.6  7851.8  9104.8 12435.2  35118.7    40000
read     2205.6  1123.7   236.1  1371.1  1489.3  1969.9  2168.3  2292.7  2379.5  2524.6  2765.2  3721.6  7911.9  9532.1 11947.2  32402.2    45000
read     2188.3  1104.2   202.4  1384.6  1502.2  1968.7  2146.5  2255.4  2341.1  2469.9  2690.7  3669.6  7898.4  9514.4 13077.0  32568.8    50000
read     2134.5  1091.5   218.6  1293.1  1421.6  1914.3  2116.9  2235.6  2333.6  2474.7  2711.4  3565.2  7881.0  9263.4 11615.4  33312.6    55000
read     2061.6  1068.7   137.8  1313.7  1422.9  1849.0  2012.9  2120.6  2195.6  2316.6  2517.3  3395.5  7872.3  9246.7 13170.9  34543.8    60000
read     2079.4  1096.1   137.8  1321.1  1428.3  1869.4  2026.9  2129.0  2195.5  2316.4  2509.5  3524.8  7888.6 10089.0 14901.0  34277.0    65000
read     2058.8  1076.6   202.4  1297.1  1410.7  1853.9  2014.8  2117.2  2187.5  2303.0  2495.4  3431.3  7877.8  9712.2 13458.6  34545.2    70000
read     2032.9  1066.2   137.8  1300.9  1407.6  1829.7  1985.7  2077.1  2151.1  2248.5  2416.7  3404.4  7876.7  9733.4 12837.1  34987.2    75000
read     2074.0  1079.3   148.8  1310.8  1423.0  1869.8  2024.4  2124.0  2189.6  2300.2  2480.6  3524.8  7886.5  9416.3 12904.9  34319.7    80000
Warning! Detected max cpu usage > 95%
CPU Usage Stats (avg/min/max): 66.56%,1.00%,100.00%
