#type       avg     std     min      p5     p10     p50     p67     p75     p80     p85     p90     p95     p99    p999   p9999     QPS   target
read      309.1   119.6    93.8   181.5   202.6   296.6   336.9   361.7   379.4   400.1   427.6   467.5   548.1   792.1  4813.0   4991.8     5000
read      347.6   119.5    93.8   179.7   207.5   337.8   391.2   418.7   437.0   460.7   489.7   533.1   630.1  1069.0  3149.8  10063.1    10000
read      361.4   150.3   101.3   172.1   196.1   353.5   409.4   437.9   459.3   483.7   514.0   565.9   694.3  1902.8  4047.1  14975.3    15000
read      365.7   138.9   101.3   165.9   187.7   364.1   424.1   455.3   476.9   502.7   535.4   585.5   693.6  1006.7  3111.6  20014.0    20000
read      384.8   176.4    93.8   164.8   186.1   380.7   449.3   484.9   509.2   539.1   577.2   635.5   781.9  1443.3  4270.2  25025.0    25000
read      428.0   337.8    93.8   164.0   186.7   391.0   468.7   511.1   541.5   580.5   633.2   740.0  1591.3  4901.8  8993.9  29946.1    30000
read      780.1   845.3    93.8   175.8   208.9   482.9   634.0   820.7  1325.5  1641.3  1861.6  2124.6  3565.2  8026.6  9449.8  34610.3    35000
read     2014.3  1065.5   118.1  1257.0  1370.6  1811.3  1980.3  2081.9  2164.5  2287.8  2509.5  3371.8  7852.4  9229.5 13862.0  35011.4    40000
read     2060.1  1063.7   127.6  1322.2  1429.4  1856.1  2012.6  2113.0  2183.4  2296.0  2479.0  3430.1  7871.7  9683.3 13191.1  34401.2    45000
read     2057.4  1072.9   173.5  1298.6  1404.9  1852.9  2014.7  2114.1  2181.7  2294.4  2485.6  3476.4  7872.8  9487.2 12629.0  34596.3    50000
read     2032.3  1069.2   127.6  1311.9  1413.0  1818.6  1976.6  2067.0  2145.1  2246.5  2439.6  3427.7  7876.6  9334.7 11434.3  35033.4    55000
read     1994.0  1055.9   137.8  1247.8  1354.8  1798.4  1958.7  2042.3  2125.2  2216.1  2387.3  3382.6  7857.4  9140.0 11796.3  35674.8    60000
read     1997.0  1071.7   160.7  1257.9  1366.8  1789.0  1945.5  2030.3  2114.5  2207.0  2413.6  3371.8  7872.1  9705.7 12723.0  35643.0    65000
read     2092.2  1159.4   255.0  1281.1  1395.7  1849.9  2020.9  2129.7  2202.9  2331.2  2564.2  3705.6  7913.4  9958.9 15696.2  34193.4    70000
read     1971.2  1062.4   127.6  1209.2  1323.6  1767.3  1935.5  2027.7  2117.3  2226.3  2473.4  3288.1  7845.9  9731.4 14601.0  35980.2    75000
read     1986.1  1063.3   127.6  1238.5  1344.4  1772.3  1944.7  2042.7  2134.8  2249.6  2468.7  3328.3  7854.7  9214.7 13959.3  35815.6    80000
Warning! Detected max cpu usage > 95%
CPU Usage Stats (avg/min/max): 66.10%,2.01%,100.00%
