#type       avg     std     min      p5     p10     p50     p67     p75     p80     p85     p90     p95     p99    p999   p9999     QPS   target
read      406.5   688.2   101.3   163.6   178.5   245.5   276.3   302.0   331.6   399.5   538.7  1475.7  2523.9  7995.7 14925.8   4998.0     5000
read      471.5   626.2   101.3   164.3   184.5   282.8   337.7   392.2   461.3   574.1  1389.8  1563.8  2517.1  7867.4  9806.3   9881.6    10000
read      501.4   553.0    93.8   157.5   179.2   316.1   399.3   477.0   561.1   690.6  1422.1  1578.8  2470.4  7348.6  8881.5  14962.2    15000
read      569.2   569.0    93.8   158.4   183.5   371.5   493.0   604.4   718.0   946.3  1500.4  1627.1  2484.0  7287.4  8090.5  19997.0    20000
read     2849.2  1602.3    93.8   622.9  1078.0  3192.5  3390.4  3477.7  3592.3  3725.5  4191.8  5505.5  7992.7  9906.5 12949.1  23548.8    25000
read     3038.0  1581.0   109.4  1057.3  1176.6  3246.9  3426.4  3537.9  3661.4  3825.6  4372.8  6293.0  8031.5 10666.1 15387.8  23430.4    30000
read     3053.2  1530.2   202.4  1090.8  1193.0  3256.8  3442.3  3570.9  3683.5  3850.6  4310.0  5961.2  7998.3  9643.5 12822.3  23368.6    35000
read     2999.9  1535.2   127.6  1085.1  1175.9  3231.5  3400.3  3479.7  3604.4  3750.6  4310.4  5819.0  8004.3 10047.4 12933.7  23792.4    40000
read     3061.2  1537.3   160.7  1112.9  1212.5  3260.9  3428.3  3532.3  3657.4  3819.2  4388.8  5988.8  8014.2 10191.6 14639.3  23341.4    45000
read     2972.8  1543.3   137.8  1061.7  1162.2  3187.6  3383.6  3473.8  3609.7  3798.0  4297.4  5509.0  8027.7 10215.0 14557.8  23998.7    50000
read     3032.5  1518.8   173.5  1116.3  1210.5  3249.3  3415.6  3499.1  3627.8  3756.4  4369.1  5733.3  7998.5  9989.0 13666.4  23471.6    55000
read     2965.7  1554.3   127.6  1075.1  1168.3  3186.0  3373.3  3459.7  3562.2  3730.9  4283.8  5507.9  8018.1 11063.2 15578.2  24078.2    60000
read     2983.7  1530.7   297.4  1078.6  1170.9  3196.1  3386.1  3473.0  3604.6  3780.9  4299.5  5846.4  7995.9  9601.8 12679.7  23948.6    65000
read     2919.6  1539.7   160.7  1046.3  1138.2  3158.1  3357.3  3451.5  3551.9  3735.6  4241.1  5433.1  7996.4 10758.2 15610.1  24381.4    70000
read     2991.1  1538.8   109.4  1102.1  1191.6  3222.3  3390.8  3468.8  3572.8  3721.8  4267.4  5514.1  8014.1 11825.3 16283.1  23841.6    75000
read     2940.6  1525.7   160.7  1081.1  1167.2  3167.6  3356.1  3443.2  3516.6  3722.4  4280.1  5479.5  7999.6 10118.5 15172.7  24213.4    80000
Warning! Detected max cpu usage > 95%
CPU Usage Stats (avg/min/max): 66.36%,1.00%,100.00%
