#type       avg     std     min      p5     p10     p50     p67     p75     p80     p85     p90     p95     p99    p999   p9999     QPS   target
read      309.8   146.8   109.4   179.6   200.5   296.7   338.2   362.7   379.5   399.5   427.3   467.2   552.7   952.3  7690.5   4976.4     5000
read      333.7   110.4   109.4   174.8   200.9   324.3   375.2   400.4   419.3   440.0   466.6   510.1   607.2   889.8  2471.7   9962.6    10000
read      360.1   164.8    93.8   164.3   189.6   356.6   407.8   435.4   456.3   480.5   514.3   566.5   690.5  1916.4  5231.8  14998.0    15000
read      386.2   160.2    93.8   162.5   185.8   384.8   447.0   480.6   505.8   535.1   572.1   630.8   779.4  1186.8  4149.9  20077.4    20000
read      397.4   189.7    93.8   161.1   184.1   388.7   459.1   498.2   526.3   558.1   600.9   671.8   871.2  1845.6  4782.4  25123.4    25000
read      412.5   249.0    86.8   159.4   182.8   390.5   465.5   507.8   539.0   576.8   626.3   716.9  1233.5  2681.6  7693.3  30104.8    30000
read      826.6   863.6    86.8   173.4   212.7   509.4   721.2  1192.2  1451.2  1637.7  1826.7  2115.4  3451.4  8066.5 12513.1  35051.8    35000
read     2070.4  1073.9   109.4  1304.6  1416.5  1868.9  2036.1  2144.1  2219.4  2330.3  2512.1  3460.0  7875.4  9394.7 12190.4  34198.6    40000
read     2038.7  1082.8   118.1  1293.9  1405.9  1835.6  1993.0  2087.2  2160.6  2264.6  2436.5  3383.7  7885.5  9686.5 12880.1  34971.6    45000
read     2060.6  1062.1   127.6  1319.8  1427.6  1855.1  2012.2  2109.2  2176.5  2283.1  2463.3  3472.7  7866.4  9253.1 12303.0  34495.8    50000
read     1993.8  1059.1   255.0  1278.4  1385.6  1784.2  1941.2  2027.8  2111.4  2201.9  2418.7  3343.6  7858.9  9077.4 10987.1  35680.4    55000
read     2067.9  1101.7   127.6  1329.5  1435.9  1853.5  2010.7  2110.3  2180.1  2292.1  2472.7  3426.2  7897.7 10115.4 14894.8  34539.8    60000
read     1994.7  1059.2   148.8  1285.1  1385.3  1783.6  1942.6  2031.1  2118.9  2220.9  2433.8  3275.0  7862.0  9658.9 12873.6  35676.7    65000
read     1999.2  1053.7   148.8  1255.3  1369.9  1800.5  1966.5  2061.1  2141.0  2239.7  2412.2  3321.3  7856.1  9309.9 12794.0  35527.4    70000
read     2028.7  1060.4   148.8  1310.9  1415.5  1821.5  1974.3  2060.7  2137.1  2228.3  2407.2  3380.2  7869.6  9193.4 11856.8  35155.0    75000
read     2041.1  1069.0   109.4  1301.9  1409.2  1837.4  1996.1  2090.4  2161.9  2264.9  2439.7  3388.3  7878.0  9007.6 11653.5  34969.6    80000
Warning! Detected max cpu usage > 95%
CPU Usage Stats (avg/min/max): 66.33%,0.50%,100.00%
