#type       avg     std     min      p5     p10     p50     p67     p75     p80     p85     p90     p95     p99    p999   p9999     QPS   target
read      298.6   212.2   101.3   184.4   200.7   268.8   297.1   316.2   332.3   352.8   381.9   441.9  1057.6  2527.0  7998.9   4930.4     5000
read      331.0   255.7   101.3   176.3   198.6   294.7   339.8   365.9   384.4   404.9   435.4   498.0  1274.8  3175.2  8073.5   9960.8    10000
read      486.0   925.0    93.8   167.0   189.6   319.0   381.0   413.1   437.1   470.8   528.2   943.6  6212.2  9905.4 15931.8  15054.6    15000
read      386.1   316.6    93.8   166.0   188.4   352.5   417.3   452.9   478.6   508.7   548.7   625.0  1270.6  4768.0  7970.8  20101.8    20000
read      467.9   655.6    93.8   163.6   188.2   376.5   455.2   499.8   532.3   572.8   631.2   802.9  2560.0  8870.5 14371.1  24922.8    25000
read      503.9   501.5    93.8   170.9   203.6   423.8   518.7   570.3   609.4   658.4   737.1  1026.9  2042.2  7598.6 10051.8  29945.4    30000
read      655.5   620.3    93.8   188.2   240.8   514.1   642.2   734.0   821.4   966.7  1235.7  1563.4  2681.1  7876.4 10039.3  35004.6    35000
read      905.7   765.8    86.8   225.1   293.8   731.1  1057.3  1208.8  1291.6  1374.4  1490.5  1912.4  3669.9  8004.7  9746.5  40009.6    40000
read     1884.6  1027.0   127.6  1419.5  1481.4  1653.5  1718.7  1755.6  1813.6  1871.7  2053.4  3185.9  7835.6  9073.0 12823.1  37550.6    45000
read     1823.6  1020.0   236.1  1396.7  1431.1  1590.0  1660.4  1702.8  1729.4  1788.8  1959.5  3107.0  7817.8  9735.1 14365.9  38794.0    50000
read     1811.6  1028.0   109.4  1390.9  1421.3  1581.3  1647.4  1692.9  1721.4  1763.5  1931.8  3085.6  7828.0  9810.1 15897.8  39124.9    55000
read     1732.2   934.7   255.0  1332.5  1389.9  1529.6  1586.1  1612.7  1658.4  1713.9  1859.4  2943.3  7741.3  9153.7 11833.0  40553.2    60000
read     1849.1  1008.0   275.4  1410.4  1455.6  1617.8  1689.9  1723.8  1745.0  1827.8  2003.9  3140.2  7811.0  9487.5 14309.6  38185.2    65000
read     1809.5  1013.2   173.5  1386.7  1413.4  1573.7  1639.3  1693.6  1727.5  1802.7  1999.7  3083.6  7805.9  9661.1 12799.3  39065.0    70000
read     1972.9  1048.7   148.8  1512.0  1552.2  1730.2  1811.0  1852.5  1878.4  1956.6  2111.1  3337.4  7865.2  9451.4 13572.5  36018.6    75000
read     1817.0   983.5   173.5  1400.9  1438.8  1595.8  1667.3  1707.1  1732.0  1792.4  1932.8  3090.2  7802.1  9070.5 11744.2  38910.8    80000
Warning! Detected max cpu usage > 95%
CPU Usage Stats (avg/min/max): 65.43%,1.01%,100.00%
