#type       avg     std     min      p5     p10     p50     p67     p75     p80     p85     p90     p95     p99    p999   p9999     QPS   target
read      373.5   551.7   101.3   156.1   170.5   237.8   270.6   295.0   322.5   371.9   507.6  1452.5  2493.1  7669.9  8092.2   4981.0     5000
read      455.9   603.2   101.3   160.0   179.3   278.0   330.7   377.7   448.5   550.2   938.9  1551.3  2519.2  7813.4  9150.0   9953.8    10000
read      487.0   547.4    93.8   156.8   177.7   304.3   378.2   457.7   538.3   664.3  1411.4  1576.3  2478.3  7289.6  9064.2  14884.4    15000
read      549.5   540.8    93.8   158.7   183.8   357.8   476.3   573.0   677.2   866.8  1475.9  1610.7  2477.4  6992.6  7972.5  20028.8    20000
read     2639.0  1651.8    93.8   347.5   676.5  3063.7  3326.7  3446.3  3555.1  3713.9  4067.5  5317.3  7970.1  9866.4 12801.0  23842.0    25000
read     2923.9  1556.5   118.1   980.4  1102.5  3154.1  3379.9  3486.9  3630.8  3794.8  4254.1  5518.3  8000.1  9868.4 13553.4  24253.0    30000
read     2886.8  1537.2   173.5   981.1  1092.2  3121.5  3347.9  3466.2  3610.7  3813.8  4238.1  5384.1  7987.9  9952.8 13018.3  24611.0    35000
read     2889.6  1524.2   137.8  1019.7  1118.2  3123.7  3333.8  3447.4  3567.2  3763.2  4251.6  5363.2  7980.9  9920.1 14109.8  24559.6    40000
read     2906.7  1537.0   118.1  1010.5  1115.8  3137.3  3353.0  3462.6  3595.2  3776.6  4230.7  5380.6  7995.4  9866.0 13913.1  24557.0    45000
read     2891.2  1535.1   148.8  1008.4  1112.0  3123.4  3339.1  3454.9  3586.7  3785.1  4221.3  5436.2  7985.7  9876.8 13905.1  24595.4    50000
read     2837.5  1546.1   187.4   946.3  1047.9  3100.9  3323.6  3447.9  3576.5  3767.7  4165.5  5337.6  7979.3  9972.0 13659.2  25050.4    55000
read     2902.7  1558.8   101.3   989.6  1100.2  3127.5  3350.2  3462.4  3602.5  3810.0  4236.6  5512.0  8005.8 10138.8 13890.9  24589.8    60000
read     2993.8  1576.4   109.4  1013.1  1125.5  3183.5  3412.4  3553.3  3698.8  3935.7  4356.7  5948.8  8022.3 10135.0 12926.4  23815.4    65000
read     2795.7  1519.4   118.1   961.1  1060.5  3076.0  3273.9  3405.4  3487.6  3735.2  4176.6  5188.7  7964.7  9993.2 12740.6  25352.4    70000
read     2867.6  1542.6   173.5  1016.5  1109.1  3111.2  3315.9  3429.6  3521.3  3742.0  4231.4  5417.3  8005.1 10052.0 15016.8  24863.8    75000
read     2854.2  1538.9   173.5  1009.7  1108.7  3099.4  3302.2  3419.2  3496.0  3729.7  4227.8  5450.6  7988.0  9957.7 14248.6  25021.0    80000
Warning! Detected max cpu usage > 95%
CPU Usage Stats (avg/min/max): 65.80%,0.51%,100.00%
