#type       avg     std     min      p5     p10     p50     p67     p75     p80     p85     p90     p95     p99    p999   p9999     QPS   target
read      407.8   674.8   101.3   158.5   173.8   245.5   280.5   310.0   338.6   401.2   553.5  1491.3  2533.2  8029.4 10450.1   5039.0     5000
read      443.1   564.7   101.3   159.0   177.3   272.3   323.1   365.8   431.6   545.2   804.5  1544.2  2500.9  7608.1  8791.7   9983.8    10000
read      486.3   550.3    93.8   155.0   177.4   308.9   379.1   450.9   528.8   648.0  1405.8  1571.7  2471.0  7371.9  8110.6  14932.0    15000
read      557.5   585.5    93.8   157.1   181.7   350.9   472.9   576.6   681.6   887.5  1491.0  1631.2  2532.6  7293.0  8102.9  20142.0    20000
read     2485.4  1643.1    93.8   327.8   559.4  2906.1  3215.0  3370.6  3471.7  3685.2  4047.5  4986.6  7936.6  9670.5 12644.3  24513.0    25000
read     2811.4  1556.1   101.3   945.0  1051.9  3082.3  3289.7  3419.1  3517.0  3748.9  4179.0  5266.1  7998.3 10232.6 14351.5  25181.1    30000
read     2839.2  1554.2   109.4   949.3  1058.6  3093.6  3308.2  3435.4  3558.2  3789.1  4223.1  5402.9  7995.8 10010.2 12770.5  25036.8    35000
read     2870.6  1534.4   109.4   976.0  1086.0  3117.5  3339.9  3456.2  3589.3  3786.3  4227.2  5353.9  7972.3  9833.1 13906.1  24666.2    40000
read     2876.2  1521.3   137.8  1000.7  1105.1  3121.9  3329.1  3438.9  3540.5  3743.4  4206.7  5301.9  7976.3 10026.6 14660.9  24691.4    45000
read     2831.2  1542.8   187.4   961.2  1057.6  3087.3  3299.9  3435.1  3567.6  3805.1  4179.7  5330.9  7984.8  9911.8 14146.7  25166.6    50000
read     2806.9  1541.7   148.8   942.7  1042.8  3080.3  3283.5  3415.2  3511.4  3761.8  4164.8  5120.6  7992.8 10162.2 13700.6  25290.8    55000
read     2899.5  1554.7   148.8  1000.1  1108.1  3124.1  3338.7  3455.9  3592.2  3803.1  4242.6  5476.1  8003.9 10162.4 14880.6  24610.0    60000
read     2930.0  1530.6   148.8  1008.3  1113.3  3150.7  3375.6  3485.6  3635.9  3822.7  4235.5  5496.7  7987.3  9756.5 12780.2  24252.0    65000
read     2880.7  1528.2   173.5   992.5  1101.6  3118.6  3331.0  3445.6  3566.6  3774.9  4249.9  5363.6  7981.1  9886.4 13190.7  24679.9    70000
read     2902.0  1542.2   127.6   981.8  1091.5  3127.4  3350.4  3468.7  3618.5  3830.9  4234.1  5496.1  7979.2  9469.1 12354.7  24557.8    75000
read     2805.5  1516.9   148.8   973.3  1066.6  3083.2  3269.6  3396.1  3475.1  3732.1  4193.2  5234.7  7963.7  9661.3 12555.7  25293.4    80000
Warning! Detected max cpu usage > 95%
CPU Usage Stats (avg/min/max): 66.03%,0.51%,100.00%
