#type       avg     std     min      p5     p10     p50     p67     p75     p80     p85     p90     p95     p99    p999   p9999     QPS   target
read      407.4   685.0   109.4   159.5   174.2   244.8   277.4   302.9   329.9   379.4   542.5  1502.4  2535.5  7990.9  9283.4   4988.2     5000
read      468.6   597.2   101.3   161.7   182.2   287.9   343.8   398.0   472.6   573.3  1136.4  1573.6  2531.2  7720.4  8361.5   9951.0    10000
read      497.8   542.5    93.8   159.6   182.2   318.3   398.8   481.5   558.9   673.7  1411.4  1585.0  2467.8  7248.2  8076.2  14979.6    15000
read      591.1   610.9    93.8   161.8   188.1   372.8   505.6   624.9   737.3  1030.8  1526.7  1693.8  2621.5  7464.2  8124.9  19883.4    20000
read     1561.2  1512.6    93.8   195.1   255.6   999.9  1637.7  2817.1  3031.7  3177.8  3393.5  3969.5  7682.4  9122.8 16000.8  24894.0    25000
read     2803.7  1547.3   118.1   949.2  1054.9  3076.2  3280.8  3416.0  3520.2  3776.2  4202.6  5321.8  7969.4  9976.6 17159.0  25171.6    30000
read     2801.9  1537.6   109.4   945.5  1048.1  3071.2  3267.6  3403.2  3488.0  3769.8  4189.3  5335.5  7971.4  9641.8 11496.9  25391.2    35000
read     2907.3  1567.5   109.4   995.4  1102.6  3133.7  3351.8  3465.7  3600.8  3771.8  4232.0  5407.7  8009.5 13205.6 16213.5  24470.8    40000
read     2897.1  1522.8   109.4  1009.2  1112.8  3129.7  3343.5  3455.9  3581.6  3761.5  4247.0  5385.8  7976.3  9630.0 14053.0  24509.6    45000
read     2881.2  1560.0   137.8   955.2  1062.5  3113.2  3353.3  3481.5  3644.4  3855.9  4232.0  5452.8  7995.3 10060.8 12900.1  24689.8    50000
read     2838.8  1536.0   137.8   954.3  1057.7  3093.4  3315.1  3453.0  3598.5  3809.1  4205.4  5307.4  7973.3  9886.3 12882.3  24979.6    55000
read     2855.9  1541.2   187.4   970.5  1076.1  3103.9  3318.9  3439.0  3555.0  3761.7  4201.6  5395.5  7989.2  9913.6 14072.7  24892.0    60000
read     2963.1  1570.0   275.4  1015.9  1120.5  3154.2  3384.7  3509.9  3673.9  3906.6  4321.0  5772.8  8017.6 10184.4 14497.0  24107.6    65000
read     2897.2  1536.0   127.6   996.2  1106.4  3129.3  3348.9  3461.4  3597.0  3789.7  4204.9  5414.7  7988.6  9995.9 12839.4  24557.0    70000
read     2856.8  1538.2   148.8   974.2  1084.0  3105.9  3319.7  3439.0  3557.1  3776.9  4233.1  5371.8  7977.9  9972.0 14020.0  24856.4    75000
read     2861.3  1533.8   187.4   964.9  1074.5  3106.1  3324.0  3448.2  3580.8  3789.9  4201.5  5335.3  7978.3  9819.8 13733.1  24836.2    80000
Warning! Detected max cpu usage > 95%
CPU Usage Stats (avg/min/max): 66.03%,0.50%,100.00%
