#type       avg     std     min      p5     p10     p50     p67     p75     p80     p85     p90     p95     p99    p999   p9999     QPS   target
read      316.0   202.0   118.1   197.8   215.7   287.7   320.2   344.3   362.9   384.8   414.5   468.3   856.2  2183.8  7957.1   5019.6     5000
read      351.1   193.9   101.3   190.7   213.4   324.3   379.2   407.2   429.1   455.8   491.6   549.3   835.3  2271.8  7657.9   9981.8    10000
read      526.6   959.5    93.8   189.0   217.4   381.6   453.4   493.9   524.1   562.7   621.4   823.8  5369.5 12975.4 16135.0  14934.8    15000
read      563.7   891.7   101.3   186.2   217.0   415.5   500.8   547.0   585.3   633.6   715.3  1258.4  4772.6 11145.4 16270.0  20009.0    20000
read      670.5   858.8    93.8   198.4   242.9   486.5   591.1   656.5   713.9   803.5  1112.9  1867.8  4426.4 10173.4 15668.2  24975.2    25000
read      925.0  1017.9    93.8   220.2   279.3   617.6   845.1  1124.4  1397.8  1634.1  1828.2  2137.1  6263.4 10121.9 15849.7  30050.6    30000
read     1978.2  1112.8   109.4  1277.1  1530.0  1784.4  1853.5  1886.1  1943.6  2001.1  2147.6  3392.4  7906.4  9846.9 15426.7  34596.4    35000
read     2252.5  1115.2   127.6  1761.0  1804.4  1995.5  2075.1  2131.1  2166.2  2205.9  2357.7  3844.4  7939.6  9932.4 14752.3  31845.4    40000
read     2270.8  1102.8   173.5  1772.0  1828.5  2018.7  2105.6  2150.5  2178.7  2232.5  2363.9  3854.8  7946.5  9811.8 15097.4  31516.6    45000
read     2056.0  1057.2   236.1  1619.3  1649.6  1826.3  1882.8  1940.0  1978.3  2016.5  2135.6  3452.6  7900.4  9895.6 13367.5  34754.6    50000
read     2118.5  1124.8   202.4  1627.9  1665.0  1849.2  1929.7  1982.4  2015.4  2085.7  2277.2  3612.1  7922.8  9923.6 15918.8  33661.5    55000
read     2099.6  1187.7   236.1  1582.9  1634.6  1813.6  1877.3  1942.8  1992.7  2057.1  2301.0  3604.8  7967.8 11168.0 15876.3  34109.0    60000
read     2165.9  1121.9   160.7  1671.5  1747.2  1922.5  1995.1  2029.3  2080.0  2146.6  2260.5  3627.3  7938.4 11544.0 15770.0  33053.4    65000
read     2111.7  1139.2   187.4  1611.8  1646.6  1833.2  1906.2  1970.6  2010.8  2091.4  2337.5  3647.8  7942.0 10177.3 15354.8  33824.4    70000
read     2081.9  1060.0   297.4  1624.9  1664.8  1849.1  1923.2  1970.2  1999.6  2028.9  2152.2  3554.1  7896.5  9583.4 14177.7  34361.0    75000
read     2018.7  1026.8   374.7  1579.1  1630.8  1796.1  1856.8  1885.3  1939.5  1995.1  2103.7  3401.5  7867.7  9362.0 11917.9  35301.0    80000
Warning! Detected max cpu usage > 95%
CPU Usage Stats (avg/min/max): 65.73%,0.50%,100.00%
