#type       avg     std     min      p5     p10     p50     p67     p75     p80     p85     p90     p95     p99    p999   p9999     QPS   target
read      414.9   641.7   109.4   164.8   179.7   253.4   289.1   317.7   348.6   416.8   553.7  1494.7  2527.8  7932.6  9877.2   4969.0     5000
read      477.3   615.3    93.8   161.3   182.4   291.4   350.7   405.6   473.6   578.0  1393.4  1569.0  2522.2  7781.9  9213.8   9978.2    10000
read      514.3   557.8   101.3   160.1   182.3   320.3   414.2   503.8   593.5   722.0  1442.7  1591.3  2494.0  7271.9  8506.5  14871.8    15000
read      579.7   595.1    93.8   158.5   185.2   373.9   497.6   612.1   724.6   992.4  1512.2  1651.8  2527.7  7451.6  9258.1  20008.6    20000
read     1837.6  1600.4    93.8   214.3   284.7  1291.0  2788.5  3157.4  3283.4  3404.9  3593.5  4284.3  7758.7  8903.5 11920.1  24352.2    25000
read     2886.3  1532.2   118.1  1023.1  1117.9  3136.7  3336.3  3433.1  3501.2  3728.0  4231.6  5456.2  7975.6  9724.1 14037.7  24570.8    30000
read     2905.7  1529.7   109.4  1027.0  1124.1  3149.9  3347.1  3443.9  3534.5  3728.8  4244.7  5464.7  7982.9  9615.5 11879.5  24516.6    35000
read     2931.7  1529.6   148.8  1037.9  1138.6  3173.8  3368.9  3457.4  3564.2  3749.2  4266.3  5489.7  7989.6  9993.9 12875.6  24269.8    40000
read     2962.1  1543.2   118.1  1047.8  1150.8  3188.1  3385.1  3475.6  3601.9  3753.6  4285.0  5532.8  7999.1 10030.8 15061.6  24049.6    45000
read     2935.3  1522.4   127.6  1039.1  1144.5  3166.2  3367.6  3460.2  3572.5  3745.7  4263.2  5469.1  7995.0  9682.1 12733.8  24283.2    50000
read     2928.7  1524.8   202.4  1053.0  1146.5  3166.6  3361.0  3451.3  3546.7  3732.9  4237.8  5460.2  7996.6  9951.0 14204.4  24339.2    55000
read     2931.8  1524.1   187.4  1051.3  1147.5  3162.6  3359.1  3451.6  3551.3  3738.8  4290.3  5460.2  7988.4  9853.0 14139.7  24292.2    60000
read     2938.4  1527.6   137.8  1056.2  1149.3  3163.6  3358.8  3451.7  3549.5  3729.2  4248.5  5522.8  7997.1  9889.7 13128.8  24351.2    65000
read     2994.0  1524.1   173.5  1084.7  1183.8  3220.0  3398.8  3481.6  3608.6  3751.7  4288.9  5501.3  8008.5 10104.9 13982.1  23763.5    70000
read     2999.8  1536.4   160.7  1062.9  1172.5  3217.1  3404.7  3492.6  3629.2  3765.7  4312.4  5659.0  8010.4 10150.7 14525.6  23733.4    75000
read     2941.1  1540.0   160.7  1051.4  1145.8  3172.0  3365.8  3454.8  3555.6  3739.1  4281.3  5505.2  8003.7 10028.1 14727.8  24230.8    80000
Warning! Detected max cpu usage > 95%
CPU Usage Stats (avg/min/max): 65.83%,0.00%,100.00%
