#type       avg     std     min      p5     p10     p50     p67     p75     p80     p85     p90     p95     p99    p999   p9999     QPS   target
read      425.2   688.9   109.4   165.4   180.6   256.9   293.3   323.0   358.0   440.8   568.9  1491.9  2537.4  7987.6  8623.7   5023.2     5000
read      474.2   627.7   101.3   163.1   183.5   287.3   343.6   397.3   472.6   578.0  1388.8  1569.6  2521.0  7849.3  8139.0  10038.6    10000
read      507.0   552.7    93.8   157.8   180.7   323.7   406.9   485.0   568.6   695.8  1425.9  1586.7  2483.0  7365.6  8133.5  15028.6    15000
read      564.2   559.9    93.8   159.6   184.6   364.1   485.4   594.7   704.3   948.4  1504.7  1627.5  2479.1  7153.1  8076.8  19934.8    20000
read     2822.1  1599.6    93.8   633.5  1062.3  3159.9  3370.8  3462.1  3566.9  3719.9  4238.8  5473.4  7967.5  9421.0 11704.8  23759.6    25000
read     2933.5  1537.4   101.3  1060.8  1158.0  3170.2  3357.4  3443.5  3514.1  3705.2  4264.7  5536.9  8002.3  9859.5 13504.0  24308.0    30000
read     2998.1  1543.7   101.3  1060.6  1168.8  3209.8  3397.9  3484.4  3625.0  3791.2  4292.9  5963.6  8003.5  9885.6 13960.1  23821.5    35000
read     3002.4  1552.7   109.4  1082.4  1186.9  3215.9  3399.8  3484.7  3620.6  3767.3  4311.5  5763.4  8020.2 10986.6 14904.9  23812.6    40000
read     2953.6  1539.7   127.6  1028.0  1130.4  3186.7  3391.4  3485.3  3626.7  3789.0  4275.7  5518.7  7997.3 10025.9 13597.8  24079.4    45000
read     2970.4  1552.0   173.5  1041.7  1143.0  3191.9  3391.1  3482.0  3616.9  3765.8  4308.5  5791.6  8009.8  9904.0 13948.1  24011.2    50000
read     2910.2  1533.6   173.5  1023.5  1121.7  3155.9  3356.5  3452.6  3557.4  3739.5  4214.9  5493.0  7985.5  9851.5 13868.9  24465.6    55000
read     3014.9  1536.7   148.8  1074.3  1179.9  3226.0  3404.4  3487.7  3622.5  3762.5  4318.2  5867.9  8005.0  9861.8 13301.3  23761.6    60000
read     2997.6  1530.6   236.1  1063.3  1166.8  3221.1  3404.5  3489.5  3624.0  3760.4  4313.5  5813.9  7991.2  9737.4 12649.6  23791.0    65000
read     2920.1  1550.9   202.4  1012.6  1117.4  3150.1  3367.2  3469.9  3605.9  3788.9  4297.5  5483.0  7991.1 10104.7 14357.7  24338.2    70000
read     3025.8  1541.5   202.4  1058.1  1175.7  3244.7  3423.5  3528.8  3647.2  3765.7  4334.0  5761.8  8018.9 10172.9 14177.5  23543.6    75000
read     2922.9  1534.8   148.8  1027.9  1128.2  3165.8  3366.2  3456.9  3566.2  3753.0  4257.2  5478.1  7984.7  9707.7 14018.6  24380.0    80000
Warning! Detected max cpu usage > 95%
CPU Usage Stats (avg/min/max): 65.30%,0.00%,100.00%
