#type       avg     std     min      p5     p10     p50     p67     p75     p80     p85     p90     p95     p99    p999   p9999     QPS   target
read      286.9    91.4   101.3   177.3   195.4   276.4   308.8   327.4   343.5   364.7   390.4   428.1   507.0   694.2  2288.2   4994.6     5000
read      318.0   106.4   101.3   173.9   197.7   307.6   350.7   376.2   394.4   415.7   443.1   486.8   581.6   874.4  2993.4   9989.8    10000
read      338.6   122.9    93.8   166.8   188.6   332.3   383.2   409.1   428.6   451.6   480.3   526.7   628.8   958.0  3052.2  15019.6    15000
read      358.1   185.7    93.8   162.5   183.0   350.9   408.3   437.2   459.9   485.6   517.3   571.0   701.9  2576.5  6963.9  20054.6    20000
read      374.4   156.8    93.8   161.5   182.5   371.4   436.5   470.3   495.3   524.0   560.3   618.8   749.7  1363.3  3113.5  24938.8    25000
read      391.6   204.3    93.8   161.2   182.8   377.9   450.8   489.2   516.5   548.0   591.9   665.3   922.4  2236.5  5984.1  29960.8    30000
read      469.4   328.1    93.8   167.5   195.2   417.6   509.7   562.0   603.4   655.8   741.0   938.7  1648.1  3162.7  7927.1  34725.6    35000
read     2084.9  1093.3   137.8  1308.4  1425.8  1871.7  2033.5  2139.3  2211.1  2326.8  2517.3  3546.0  7887.4  9744.2 12813.1  34157.2    40000
read     2003.7  1058.3   101.3  1263.4  1376.2  1795.4  1959.5  2053.0  2140.5  2253.2  2476.0  3389.9  7847.3  9379.8 12306.0  35298.0    45000
read     2063.8  1069.9   148.8  1321.0  1429.0  1860.5  2012.8  2106.2  2171.0  2271.1  2444.5  3468.7  7879.7  9442.3 12285.5  34541.8    50000
read     1890.6  1018.6   137.8  1193.5  1292.1  1690.8  1843.8  1939.3  2012.4  2125.4  2335.0  3159.3  7815.4  9026.2 11706.6  37420.4    55000
read     2024.5  1053.2   137.8  1323.4  1431.4  1817.2  1964.6  2043.2  2119.3  2195.4  2360.4  3420.3  7868.9  9407.1 12667.1  35119.4    60000
read     1998.4  1048.3   173.5  1289.2  1390.4  1797.4  1951.4  2032.2  2112.5  2195.8  2384.3  3333.9  7857.7  9410.2 11228.1  35553.0    65000
read     2053.1  1049.9   148.8  1330.5  1433.3  1849.3  2000.7  2091.2  2158.7  2253.4  2415.8  3508.1  7858.3  8797.3 10223.4  34600.4    70000
read     2049.8  1065.6   275.4  1309.9  1418.4  1844.7  2003.6  2100.2  2170.1  2276.5  2458.4  3440.7  7870.5  9774.2 12804.2  34666.2    75000
read     2034.1  1057.2   137.8  1289.4  1396.8  1830.9  1989.6  2083.9  2157.2  2259.2  2440.1  3461.1  7861.5  9067.2 10832.2  34932.0    80000
Warning! Detected max cpu usage > 95%
CPU Usage Stats (avg/min/max): 65.97%,1.00%,100.00%
