#type       avg     std     min      p5     p10     p50     p67     p75     p80     p85     p90     p95     p99    p999   p9999     QPS   target
read      329.2   234.6   101.3   207.3   228.1   310.7   343.1   363.3   377.6   396.1   420.4   459.4   573.9  3845.4  7916.8   4950.0     5000
read      327.8   110.0   101.3   184.8   211.6   319.2   357.1   382.0   399.7   421.0   446.8   486.2   571.7  1142.5  3424.7  10043.6    10000
read      345.8   137.6   101.3   175.3   200.7   335.3   385.5   413.5   432.8   455.8   483.8   527.6   639.4  1616.6  3359.2  15016.3    15000
read      362.9   135.1    93.8   166.0   190.3   358.2   420.8   452.1   472.7   497.7   528.4   574.6   673.1   974.6  2654.8  19927.6    20000
read      381.5   219.2    86.8   158.1   180.8   372.4   443.9   477.6   501.0   527.9   561.1   617.6   767.1  3377.1  7730.0  24930.0    25000
read      384.5   162.8    86.8   157.3   180.5   379.9   457.7   495.1   520.5   548.3   586.6   640.8   779.0  1145.9  2776.4  29952.1    30000
read      451.4   273.4    93.8   161.7   191.1   417.2   509.5   557.3   590.5   634.6   697.9   832.8  1462.6  2956.4  4349.2  34958.0    35000
read      436.3   261.5    80.4   165.0   192.5   407.5   498.1   546.3   582.3   624.3   679.1   778.0  1205.0  3056.0  7781.7  40013.4    40000
read     1593.1   912.5   101.3   965.3  1084.8  1416.5  1569.3  1667.8  1741.1  1860.4  2129.3  2715.4  7630.7  8119.6 10057.7  42797.6    45000
read     1588.7   882.4   218.6  1066.7  1138.2  1407.1  1520.8  1593.4  1656.7  1739.2  1984.8  2693.9  7603.0  9076.8 10786.4  43791.4    50000
read     1537.7   857.4   187.4  1000.3  1082.1  1362.3  1477.4  1557.1  1614.4  1723.9  2063.9  2627.0  7543.5  8933.8 10923.3  45118.6    55000
read     1573.8   885.9   173.5  1058.5  1126.7  1387.1  1503.9  1585.0  1649.5  1737.3  1960.7  2654.3  7619.6  9094.4 11542.7  44340.8    60000
read     3395.5  2563.6   148.8  1157.8  1247.6  2596.9  4029.4  4822.2  5125.2  5639.8  6699.5  7958.1 13129.6 18846.5 25664.4  21364.8    65000
read     1538.2   852.7   187.4  1031.5  1105.2  1359.5  1470.3  1547.7  1608.4  1715.7  2004.8  2592.1  7540.0  8194.4 12633.7  45104.4    70000
read     1612.3   884.8   160.7  1100.8  1159.7  1425.5  1542.4  1611.1  1682.2  1772.1  2017.1  2724.5  7633.4  8127.4 10704.2  43296.2    75000
read     1635.5   923.0   202.4  1108.8  1175.2  1440.9  1560.1  1631.5  1701.5  1800.5  2055.7  2767.2  7664.8  9241.0 14773.8  42787.0    80000
Warning! Detected max cpu usage > 95%
CPU Usage Stats (avg/min/max): 66.43%,1.00%,100.00%
