#type       avg     std     min      p5     p10     p50     p67     p75     p80     p85     p90     p95     p99    p999   p9999     QPS   target
read      330.3   165.6   118.1   208.3   232.8   318.4   348.6   366.9   380.4   398.2   423.1   465.0   598.7  2037.4  9620.5   4996.4     5000
read      345.4   116.0    93.8   196.7   229.2   338.1   378.3   400.5   417.2   435.0   460.2   499.8   592.5  1470.6  4065.7  10039.4    10000
read      360.7   144.8    93.8   175.1   203.6   350.9   403.9   431.8   452.0   474.1   504.7   549.7   687.6  1720.1  3032.4  15005.2    15000
read      386.8   167.0    93.8   169.8   197.7   385.4   445.6   475.9   498.0   523.3   553.6   605.7   735.1  1887.0  3164.1  19978.4    20000
read      408.3   303.2    86.8   161.8   186.9   379.9   451.4   488.9   516.1   548.2   592.5   682.8  1328.3  3811.8  9921.5  24872.9    25000
read      396.6   201.1    93.8   157.8   181.2   380.4   461.8   502.9   531.6   564.1   606.2   677.4   922.3  2192.6  4009.4  30064.0    30000
read      388.8   174.4    86.8   156.9   180.2   377.2   459.1   500.6   528.9   560.8   602.2   665.9   808.9  1345.6  3157.9  35102.5    35000
read      411.0   225.8    93.8   157.5   183.7   385.5   472.4   519.2   549.9   589.4   637.1   723.8  1062.2  2098.6  6502.0  39841.8    40000
read     1498.8   860.5    93.8   971.6  1073.1  1338.9  1443.7  1502.3  1567.2  1653.1  1949.8  2606.1  7517.3  8116.4 11445.5  44637.8    45000
read     1538.3   852.0   127.6  1047.4  1123.0  1373.9  1472.3  1535.6  1586.2  1662.3  1846.4  2626.8  7554.6  8132.9 11522.6  44955.9    50000
read     1526.7   836.8   160.7  1036.0  1110.4  1361.2  1465.5  1531.8  1586.8  1670.6  1867.4  2581.2  7484.5  8129.9 10850.9  45420.8    55000
read     1492.4   823.7   236.1  1009.2  1070.0  1328.9  1438.5  1499.2  1565.8  1649.8  1871.3  2515.4  7426.4  8133.1 10445.8  46477.2    60000
read     1544.9   850.0   202.4  1026.3  1102.6  1372.7  1486.1  1563.6  1615.6  1719.4  2009.3  2610.6  7555.9  8131.3 10128.5  44955.4    65000
read     1578.9   881.8   127.6  1103.1  1159.3  1397.5  1493.1  1563.7  1609.4  1696.4  1872.8  2667.3  7634.9  8155.5 11257.6  44254.8    70000
read     1552.8   850.3   187.4  1066.9  1132.7  1379.9  1482.0  1551.8  1601.3  1686.2  1864.7  2623.8  7575.0  8138.0 10206.5  44808.1    75000
read     1567.1   863.7   275.4  1101.0  1155.4  1392.1  1486.4  1552.6  1598.3  1678.3  1854.1  2659.8  7587.3  8807.1 12424.7  44426.0    80000
Warning! Detected max cpu usage > 95%
CPU Usage Stats (avg/min/max): 66.23%,1.00%,100.00%
