#type       avg     std     min      p5     p10     p50     p67     p75     p80     p85     p90     p95     p99    p999   p9999     QPS   target
read      311.2   161.4   118.1   199.2   215.2   286.3   317.6   340.5   358.2   378.5   406.1   461.7   826.8  1815.4  7186.8   5008.0     5000
read      400.2   379.2   101.3   197.6   222.6   349.9   404.5   435.9   459.6   488.5   528.8   613.2  1725.6  6448.0  8121.7  10022.0    10000
read      452.6   650.3    93.8   185.2   210.7   365.2   433.6   469.8   496.9   529.8   576.5   679.1  2982.7  8998.2 14758.4  15099.0    15000
read      615.9  1009.9   101.3   188.6   220.2   424.2   509.5   558.0   597.0   649.9   761.0  1681.1  6326.1 11546.6 17053.1  19955.6    20000
read      561.4   665.2    93.8   181.8   216.5   436.5   533.9   590.2   633.0   690.0   796.5  1343.6  3718.5  7957.9 10236.9  24846.0    25000
read      615.1   580.4    93.8   194.4   241.5   500.3   618.7   689.8   748.8   834.9  1009.0  1457.1  2593.5  7864.7 10981.2  30018.8    30000
read     2241.4  1068.1   127.6  1754.9  1802.8  2005.9  2093.3  2143.9  2175.6  2230.9  2363.1  3733.5  7920.5  9345.3 11790.4  31807.6    35000
read     2252.3  1079.6   218.6  1758.3  1806.2  2012.1  2101.6  2149.7  2179.7  2238.0  2353.5  3795.6  7934.3  9761.4 13587.4  31701.6    40000
read     2131.7  1112.0   236.1  1636.3  1687.1  1875.6  1959.9  2001.3  2027.3  2106.7  2259.0  3611.9  7931.5 10041.9 15421.4  33581.6    45000
read     2310.4  1161.1   255.0  1768.1  1833.1  2037.1  2128.6  2171.7  2198.6  2295.1  2447.0  3948.5  7973.1 10204.5 16005.2  30996.4    50000
read     2227.0  1183.2   148.8  1698.7  1762.3  1952.4  2018.9  2073.7  2127.7  2181.7  2355.6  3847.1  7981.1 12865.6 16001.6  32262.2    55000
read     2258.6  1120.0   202.4  1761.1  1798.7  1987.2  2061.5  2125.6  2165.6  2224.1  2417.1  3883.9  7948.7  9976.7 15084.1  31714.4    60000
read     2303.1  1157.8   202.4  1779.1  1833.1  2019.7  2111.8  2159.7  2189.7  2277.6  2438.6  3967.2  7982.0 10473.4 15645.3  31112.6    65000
read     2225.7  1200.5   148.8  1688.9  1754.3  1931.5  2004.2  2042.0  2112.6  2183.2  2397.0  3895.6  7998.4 10624.5 15915.8  32229.4    70000
read     2154.2  1086.9   255.0  1648.7  1709.8  1904.1  1985.5  2023.8  2073.0  2152.8  2314.9  3659.8  7919.7  9591.1 13999.0  33194.8    75000
read     2266.2  1125.4   173.5  1768.4  1817.2  2009.3  2094.4  2142.2  2172.0  2209.9  2351.4  3831.5  7952.9 10030.3 15676.6  31671.4    80000
Warning! Detected max cpu usage > 95%
CPU Usage Stats (avg/min/max): 66.56%,2.00%,100.00%
