#type       avg     std     min      p5     p10     p50     p67     p75     p80     p85     p90     p95     p99    p999   p9999     QPS   target
read      283.8   176.7   118.1   182.9   198.1   262.4   289.4   306.4   319.3   339.5   367.0   415.0   652.7  2471.2  7762.7   4994.8     5000
read      329.7   283.3   101.3   179.7   201.5   294.2   337.2   361.9   378.5   398.9   428.2   484.0  1036.4  4498.1  7968.2   9941.6    10000
read      417.7   643.5    93.8   171.2   193.8   328.1   387.6   418.0   440.8   470.3   514.6   616.4  3241.8  8610.8 14480.5  15047.6    15000
read      422.8   566.5    93.8   167.4   190.9   357.9   425.1   461.5   488.4   520.1   563.5   648.8  1905.9  8537.4 14835.8  20107.2    20000
read      479.1   671.0    86.8   165.0   189.9   379.1   458.3   503.7   536.9   579.4   639.1   852.2  2920.2  8439.4 15477.2  25003.8    25000
read      517.1   550.8    93.8   168.7   201.0   419.9   517.3   571.8   612.9   666.6   756.6  1162.6  2541.3  7759.4  9454.7  29987.0    30000
read      731.1   676.1    93.8   204.5   265.5   559.5   712.2   833.8   961.1  1190.4  1422.8  1691.5  2965.7  7927.6  9384.5  34960.5    35000
read     1749.2  1019.1   101.3  1013.5  1336.9  1569.2  1636.8  1691.0  1724.9  1793.2  1982.9  3056.0  7766.8  9721.2 15382.9  38725.4    40000
read     1967.0  1011.9   160.7  1526.3  1578.0  1744.1  1819.9  1855.8  1878.3  1948.4  2063.2  3323.6  7852.8  9295.6 14026.9  36047.8    45000
read     1651.7   915.9   173.5  1277.2  1305.3  1449.2  1496.8  1552.1  1587.1  1636.3  1817.0  2824.2  7694.8  8695.3 10775.8  42329.0    50000
read     1902.3  1030.9   148.8  1454.2  1509.9  1673.4  1729.2  1772.2  1818.2  1864.2  2009.5  3241.7  7839.2  9307.8 12944.7  37274.4    55000
read     1859.1  1042.5   137.8  1400.5  1440.0  1609.8  1688.2  1726.4  1760.5  1845.9  2036.5  3161.0  7835.7  9480.2 14897.2  38105.1    60000
read     1904.2  1042.2   173.5  1434.1  1500.2  1661.6  1723.7  1765.9  1819.9  1873.9  2094.5  3251.3  7846.9  9574.3 12626.9  37288.6    65000
read     1912.0  1035.5   275.4  1459.1  1509.8  1672.9  1732.9  1786.4  1834.1  1881.8  2078.4  3252.5  7848.4  9328.1 13070.2  37103.8    70000
read     1820.1  1023.7   148.8  1369.6  1408.0  1575.0  1650.1  1705.0  1739.3  1833.1  2070.5  3108.8  7801.9  9737.7 14392.1  38824.4    75000
read     1948.9  1018.5   187.4  1510.8  1546.1  1716.2  1792.1  1838.4  1867.4  1930.1  2088.4  3294.9  7852.8  9491.3 12705.9  36481.4    80000
Warning! Detected max cpu usage > 95%
CPU Usage Stats (avg/min/max): 66.33%,0.00%,100.00%
