#type       avg     std     min      p5     p10     p50     p67     p75     p80     p85     p90     p95     p99    p999   p9999     QPS   target
read      326.7   234.0   118.1   201.4   219.3   294.8   330.2   352.9   370.6   393.7   425.9   485.9   887.5  3132.5  7923.1   5016.2     5000
read      348.9   184.4   101.3   191.9   214.4   320.2   374.8   402.3   425.1   451.6   485.5   542.1   886.7  2452.6  6982.8   9948.4    10000
read      518.7   885.4   109.4   190.9   218.3   383.4   452.0   490.4   518.7   551.4   607.1   774.5  5421.1 10205.9 16174.5  15083.8    15000
read      645.5  1050.3   101.3   186.1   217.3   423.3   516.4   573.3   620.2   689.0   923.0  1813.8  6200.6 11999.3 18616.1  20057.2    20000
read      693.8   920.9   101.3   194.4   238.0   486.1   600.5   674.0   741.2   865.8  1298.3  1818.6  5037.4  9961.9 17170.6  25096.2    25000
read     1007.1  1051.9   101.3   232.5   295.4   665.8   978.3  1382.0  1585.3  1752.4  1906.3  2260.4  6533.3  9619.9 15789.7  29936.2    30000
read     2149.7  1108.1   127.6  1627.7  1685.2  1896.7  1985.3  2026.9  2086.7  2167.0  2346.4  3648.5  7920.1  9561.8 15102.2  33073.6    35000
read     2087.5  1091.3   127.6  1582.4  1638.5  1832.1  1912.5  1978.5  2019.7  2116.5  2326.8  3541.8  7906.6  9514.5 13382.0  34074.2    40000
read     2104.2  1189.4   187.4  1605.9  1641.2  1820.6  1883.3  1952.0  1997.3  2058.0  2271.4  3617.7  7964.4 11954.9 18072.7  34024.4    45000
read     2291.8  1072.5   255.0  1779.2  1844.7  2046.5  2134.5  2176.0  2207.4  2300.0  2436.5  3871.0  7929.4  9420.8 10953.5  31254.0    50000
read     2014.9  1100.9   173.5  1521.8  1575.9  1758.7  1835.1  1871.1  1912.9  1991.7  2163.8  3452.3  7896.2  9754.3 16090.4  35370.1    55000
read     2079.7  1050.9   160.7  1612.3  1652.0  1842.8  1918.4  1971.1  2003.9  2036.8  2192.9  3530.3  7888.4  9459.6 13004.6  34281.4    60000
read     2273.5  1126.8   187.4  1760.7  1807.5  2005.0  2092.3  2144.3  2176.8  2243.1  2426.2  3877.8  7955.0 10137.1 15384.8  31508.4    65000
read     2203.8  1096.0   236.1  1691.8  1758.2  1948.3  2017.2  2072.2  2128.0  2183.8  2357.8  3761.9  7919.3  9336.4 13626.7  32495.8    70000
read     2276.0  1130.0   218.6  1766.7  1813.5  2013.0  2103.3  2151.9  2182.3  2252.3  2377.9  3851.5  7960.2 10586.3 15458.8  31505.4    75000
read     1968.6  1045.1   187.4  1510.3  1548.6  1724.9  1806.1  1850.1  1877.7  1960.4  2132.3  3330.1  7866.1  9346.6 12258.7  36241.9    80000
Warning! Detected max cpu usage > 95%
CPU Usage Stats (avg/min/max): 66.23%,0.00%,100.00%
