#type       avg     std     min      p5     p10     p50     p67     p75     p80     p85     p90     p95     p99    p999   p9999      QPS   target       ts_start         ts_end
read      255.6    82.6   101.3   165.0   180.9   249.8   274.4   288.6   297.6   312.0   329.0   353.9   405.8  1292.5  3114.6   4912.5     5000  1777907902599  1777907904858
read      280.9    80.0    93.8   161.6   180.0   278.1   314.7   334.0   346.5   361.9   379.4   407.9   465.0   547.4  1386.4  14986.5    15000  1777907906364  1777907908603
read      312.5   107.9   101.3   154.5   172.0   314.4   365.1   388.0   402.6   421.9   444.5   477.2   556.1   741.5  2257.7  25118.0    25000  1777907910107  1777907912310
read      327.4   132.2    93.8   145.6   163.1   321.9   383.4   413.6   434.1   459.4   491.2   540.0   683.3  1053.3  1618.6  34935.5    35000  1777907913815  1777907916018
read      346.6   170.1    86.8   145.7   164.8   336.2   403.3   437.8   463.3   493.4   532.3   591.7   748.7  1244.0  4072.5  44985.8    45000  1777907917523  1777907919725
read      362.6   174.9    86.8   147.9   167.6   341.2   419.4   461.0   491.3   527.3   574.7   651.1   904.7  1380.2  2041.4  54579.5    55000  1777907921230  1777907923433
read      474.0   354.4    86.8   155.0   177.5   372.7   516.2   597.5   664.7   751.7   874.7  1107.4  1734.6  2901.5  7501.3  65320.7    65000  1777907924938  1777907927138
read     1019.2  1900.3    93.8   183.3   207.9   334.0   388.4   424.1   457.4   529.1  4796.2  6268.4  7576.6  9388.6 11597.4  66749.0    75000  1777907928642  1777907930842
read     1027.7  1903.4    93.8   186.9   212.7   335.4   393.9   432.6   469.2   549.4  4740.0  6280.3  7572.3  9479.7 12568.4  66339.6    85000  1777907932346  1777907934550
read     1010.0  1862.6    86.8   181.7   209.2   330.3   387.1   427.2   466.5   581.6  3989.2  6217.2  7706.8  9562.9 11045.6  67571.0    95000  1777907936055  1777907938259
read     1053.8  1945.5    93.8   188.2   212.0   344.1   403.2   443.4   481.6   576.6  4995.4  6319.1  7674.7 10050.8 15273.7  64804.3   105000  1777907939764  1777907941966
read     1012.8  1909.6    93.8   179.5   204.2   330.1   385.5   422.6   457.7   528.8  4798.0  6280.4  7579.6  9428.5 11297.8  67465.4   115000  1777907943471  1777907945674
read     1009.1  1848.1    86.8   183.0   208.2   337.6   395.3   436.0   485.4   856.6  3853.1  6159.6  7615.6 10622.3 17746.0  67567.8   125000  1777907947179  1777907949381
Warning! Detected max cpu usage > 95%
CPU Usage Stats (avg/min/max): 50.00%,0.00%,100.00%
