1777907899 1.0
1777907900 0.0
1777907901 1.0
1777907902 2.0
1777907903 1.1
1777907904 0.0
1777907905 0.0
1777907906 4.3
1777907907 3.9
1777907908 4.5
1777907909 1.0
1777907910 16.0
1777907911 24.3
1777907912 7.4
1777907913 1.0
1777907914 54.9
1777907915 54.3
1777907916 0.0
1777907917 24.8
1777907918 74.5
1777907919 53.9
1777907920 1.0
1777907921 53.9
1777907922 84.8
1777907923 36.5
1777907924 1.0
1777907925 88.0
1777907926 99.0
1777907927 10.9
1777907928 21.0
1777907930 100.0
1777907931 81.0
1777907932 0.0
1777907933 50.5
1777907934 100.0
1777907935 51.0
1777907936 0.0
1777907937 78.0
1777907938 100.0
1777907939 22.8
1777907940 7.1
1777907941 100.0
1777907942 92.1
1777907943 1.0
1777907944 38.0
1777907945 100.0
1777907946 63.4
1777907947 0.0
1777907948 67.3
1777907949 100.0
1777907950 33.3
1777907951 0.0
1777907952 1.0
1777907953 1.0
1777907954 0.0
1777907955 0.0
1777907956 0.0
1777907957 0.0
1777907958 0.0
1777907959 1.0
1777907960 0.0
1777907961 0.0
1777907962 1.0
1777907963 1.0
1777907964 1.0
1777907965 0.0
1777907966 0.0
1777907967 1.0
1777907968 0.0
1777907969 1.0
1777907970 0.0
1777907971 0.0
1777907972 0.0
1777907973 0.0
