#type       avg     std     min      p5     p10     p50     p67     p75     p80     p85     p90     p95     p99    p999   p9999      QPS   target       ts_start         ts_end
read      266.0   121.0   109.4   161.4   175.5   249.5   281.0   299.0   313.4   330.6   354.6   403.6   586.5  1672.9  4760.5   4850.0     5000  1777908166466  1777908168727
read      280.0    89.6   101.3   163.9   181.5   275.0   307.8   325.3   339.2   355.5   375.1   408.8   492.4   760.6  2374.8  15025.5    15000  1777908170233  1777908172468
read      289.9    96.6   101.3   156.9   173.0   287.8   328.1   348.5   363.2   379.2   399.8   434.0   534.3   867.0  1497.0  25015.0    25000  1777908173972  1777908176175
read      290.6   121.6    93.8   149.6   165.1   284.2   332.9   357.2   373.5   393.4   417.7   454.5   538.3  1080.1  3115.5  34872.5    35000  1777908177680  1777908179881
read      324.2   210.0    93.8   147.5   163.7   295.1   356.5   388.3   411.3   439.4   480.3   564.1   994.9  2658.3  6980.4  44916.0    45000  1777908181385  1777908183588
read      322.7   163.1    93.8   145.2   162.3   299.4   364.3   397.7   422.3   452.0   493.0   571.7   879.9  1695.0  3028.1  54825.9    55000  1777908185093  1777908187292
read      309.8   171.5    93.8   144.8   160.5   285.6   351.1   384.9   409.2   439.0   478.5   544.7   740.9  1601.4  4248.8  64634.3    65000  1777908188796  1777908190996
read      326.1   196.2    93.8   147.7   164.5   294.2   363.7   402.1   431.6   467.3   517.9   610.6   835.8  1364.0  9071.1  75016.2    75000  1777908192500  1777908194701
read      352.3   201.2    86.8   153.8   172.6   306.7   379.6   426.0   463.2   513.7   588.0   712.8  1015.4  1897.4  3855.6  85065.0    85000  1777908196207  1777908198406
read      412.5   368.2    86.8   159.9   180.0   316.2   395.6   453.9   506.2   582.8   711.3   973.2  2016.9  3517.6  7889.8  94622.0    95000  1777908199910  1777908202114
read      570.1   727.5    86.8   190.9   220.0   372.5   449.5   499.2   541.4   609.1   827.3  2281.6  3615.4  7615.3  8793.8 104824.9   105000  1777908203619  1777908205820
read      615.1   801.0    93.8   210.2   241.4   397.9   473.2   523.9   566.3   630.4   792.6  2781.3  3748.0  7668.9  9067.2 105462.9   115000  1777908207324  1777908209530
read      601.0   817.7    93.8   207.3   235.7   390.3   462.7   503.6   535.8   579.1   665.6  2994.7  3724.2  7773.7  9465.5 108779.7   125000  1777908211034  1777908213231
Warning! Detected max cpu usage > 95%
CPU Usage Stats (avg/min/max): 50.25%,0.50%,100.00%
