1777908268 0.0
1777908269 3.0
1777908270 0.0
1777908271 3.3000000000000003
1777908272 1.1
1777908273 4.0
1777908274 0.0
1777908275 10.2
1777908276 9.2
1777908277 3.0
1777908278 7.300000000000001
1777908279 32.6
1777908280 19.2
1777908281 2.0
1777908282 45.1
1777908283 69.0
1777908284 21.4
1777908285 2.0
1777908286 76.0
1777908287 87.5
1777908288 16.2
1777908289 20.4
1777908290 112.39999999999999
1777908291 97.80000000000001
1777908292 0.0
1777908293 67.60000000000001
1777908294 151.9
1777908295 85.30000000000001
1777908296 0.0
1777908297 138.60000000000002
1777908298 176.2
1777908299 40.599999999999994
1777908300 12.0
1777908301 197.89999999999998
1777908302 192.2
1777908303 3.0
1777908304 83.4
1777908305 236.5
1777908306 154.0
1777908307 1.0
1777908308 152.4
1777908309 247.4
1777908310 95.7
1777908311 2.0
1777908312 248.3
1777908313 257.1
1777908314 18.1
1777908315 68.5
1777908316 291.1
1777908317 220.10000000000002
1777908318 0.0
