#type       avg     std     min      p5     p10     p50     p67     p75     p80     p85     p90     p95     p99    p999   p9999      QPS   target       ts_start         ts_end
read      217.6    72.7   101.3   150.5   162.5   208.3   228.4   240.9   251.8   265.3   282.4   311.5   379.0   671.3  4076.1   4931.0     5000  1777035796388  1777035798643
read      242.9   103.1    86.8   146.2   163.8   235.6   263.9   279.0   290.1   302.9   319.1   346.5   429.9   685.4  3997.8  14891.5    15000  1777035800148  1777035802384
read      244.7    72.3    80.4   133.4   149.3   242.5   275.6   292.6   304.7   317.8   336.3   365.8   431.5   543.8   942.7  25104.0    25000  1777035803889  1777035806090
read      252.3    86.7    74.4   128.2   142.3   254.0   291.8   310.6   323.0   338.9   358.6   389.0   456.8   570.6  1386.5  34978.0    35000  1777035807595  1777035809802
read      253.9    98.6    74.4   126.3   139.7   250.0   296.3   318.0   333.8   351.2   372.4   404.8   487.1   681.4  1441.6  45006.5    45000  1777035811308  1777035813511
read      254.1   102.8    80.4   121.9   135.7   245.1   296.7   320.9   338.1   357.8   383.0   424.4   525.0   775.1  1657.6  55280.4    55000  1777035815016  1777035817216
read      257.6   122.2    80.4   124.0   138.0   244.5   298.0   324.3   342.4   364.0   391.1   433.8   544.4   794.2  4513.4  65101.0    65000  1777035818721  1777035820921
read      251.8   111.3    74.4   121.5   134.8   233.4   288.5   316.5   336.6   360.2   390.7   437.4   553.3   801.3  2035.1  75112.4    75000  1777035822426  1777035824630
read      269.3   116.7    74.4   125.2   140.6   252.5   307.4   335.7   356.7   382.4   418.3   478.1   621.1   867.7  1255.7  85256.0    85000  1777035826135  1777035828335
read      266.4   124.2    80.4   127.9   143.4   250.7   302.0   329.7   349.7   374.3   407.9   462.0   585.6   795.9  2773.7  94645.4    95000  1777035829840  1777035832046
read      356.9   209.3    80.4   136.6   156.6   305.8   391.6   447.5   487.2   535.4   613.5   780.5  1050.7  1325.3  3157.1 104704.0   105000  1777035833552  1777035835755
read      409.2   185.1    80.4   174.0   208.5   377.2   450.9   496.7   534.8   587.3   667.1   773.1   940.3  1164.2  2318.5 114755.4   115000  1777035837260  1777035839461
read      488.8   218.3    86.8   218.4   260.4   447.0   531.9   592.2   645.6   712.4   789.8   897.6  1083.3  1508.4  4618.8 120554.0   125000  1777035840966  1777035843170
Warning! Detected max cpu usage > 95%
CPU Usage Stats (avg/min/max): 50.25%,0.50%,100.00%
