#type       avg     std     min      p5     p10     p50     p67     p75     p80     p85     p90     p95     p99    p999   p9999      QPS   target       ts_start         ts_end
read      233.9   100.7    93.8   154.0   167.3   221.7   246.5   262.3   273.6   289.5   310.3   345.2   425.0   594.5  3490.7   5002.0     5000  1777036047567  1777036049826
read      263.1    88.0    86.8   143.7   163.6   259.1   294.0   312.7   325.8   341.6   362.2   393.8   470.3   591.1  2035.9  15089.5    15000  1777036051332  1777036053573
read      278.5   103.0    86.8   135.4   153.2   273.8   319.5   342.7   359.6   378.5   402.5   444.0   542.7   934.3  1616.5  25052.0    25000  1777036055077  1777036057277
read      288.4   115.9    80.4   128.6   145.0   281.4   335.4   363.5   383.3   405.9   434.6   481.8   587.3   824.3  1577.7  34904.5    35000  1777036058782  1777036060986
read      295.1   135.0    74.4   125.2   141.0   280.8   345.7   379.9   403.7   432.1   466.9   518.9   630.6   857.5  3117.0  44810.9    45000  1777036062491  1777036064698
read      311.5   151.2    80.4   122.2   139.0   288.4   365.3   406.9   435.9   469.5   511.0   575.1   745.6  1018.4  1888.3  54767.2    55000  1777036066203  1777036068402
read      358.8   219.0    80.4   125.9   143.4   306.1   414.5   475.6   516.3   563.5   630.5   747.7  1035.2  1565.0  4943.7  64878.3    65000  1777036069907  1777036072110
read      691.5  1174.8    74.4   139.8   159.8   282.6   367.1   458.1   627.0   934.3  1777.1  3204.7  6144.9  8019.5  9394.2  74775.8    75000  1777036073614  1777036075818
read      901.7  1809.2    80.4   159.2   178.2   293.2   344.2   376.7   404.5   453.2  3228.4  6176.9  7467.5  9330.7 14773.1  75457.1    85000  1777036077323  1777036079525
read      897.6  1745.9    74.4   159.1   180.2   291.4   345.7   385.3   424.2   508.2  3038.1  6109.6  7497.0  9077.0 12160.2  75537.0    95000  1777036081030  1777036083231
read      829.7  1693.3    74.4   152.5   172.9   259.1   312.8   349.4   383.0   438.0  2807.4  6014.9  7455.5  9112.7 10146.5  81632.9   105000  1777036084736  1777036086937
read      896.6  1794.9    80.4   156.1   176.8   287.3   339.9   374.1   405.9   463.0  3136.1  6160.5  7492.3  9568.6 11910.9  76253.4   115000  1777036088442  1777036090642
read      825.4  1735.9    80.4   147.2   169.0   265.0   300.3   324.0   345.5   384.1  2608.5  6115.9  7435.3  9254.1 10749.2  82776.0   125000  1777036092147  1777036094344
Warning! Detected max cpu usage > 95%
CPU Usage Stats (avg/min/max): 50.50%,1.00%,100.00%
