#type       avg     std     min      p5     p10     p50     p67     p75     p80     p85     p90     p95     p99    p999   p9999      QPS   target       ts_start         ts_end
read      229.9   119.9    93.8   152.8   164.9   216.7   240.4   256.0   268.5   283.2   302.5   335.0   402.6  1900.9  4752.9   4950.5     5000  1777035387797  1777035390054
read      252.0    77.0    86.8   143.2   162.4   246.6   281.4   298.9   311.4   325.3   344.0   374.9   444.2   561.4  1889.1  14896.0    15000  1777035391559  1777035393809
read      272.7   100.8    80.4   134.4   151.7   268.6   313.1   335.6   351.2   370.2   395.1   432.7   517.7   635.1  1889.5  24882.0    25000  1777035395315  1777035397518
read      280.5   115.1    74.4   125.4   141.4   271.8   326.7   356.1   375.6   398.7   427.9   470.7   569.2   766.4  1883.4  35182.5    35000  1777035399023  1777035401226
read      290.9   162.3    74.4   122.2   136.8   272.5   337.3   372.6   397.8   426.3   461.7   517.6   658.2  1731.8  4510.7  45168.0    45000  1777035402731  1777035404933
read      301.2   153.4    74.4   122.0   136.4   271.1   350.3   397.9   429.7   466.1   509.7   577.5   743.3   968.4  1887.2  54913.5    55000  1777035406438  1777035408637
read      370.1   382.9    74.4   127.9   143.9   289.1   390.9   453.5   495.3   542.8   610.6   742.5  2150.3  3961.5  7992.7  65078.0    65000  1777035410142  1777035412343
read      795.8  1061.8    80.4   192.8   228.1   387.5   502.3   600.0   684.0  1066.1  2888.3  3350.7  3752.8  7991.9  9848.2  73984.0    75000  1777035413848  1777035416052
read      882.3  1172.4    86.8   246.6   271.7   396.1   564.9   632.9   683.9  1028.8  3354.2  3562.6  3875.3  8035.2 10050.5  75328.5    85000  1777035417558  1777035419757
read      824.6  1128.1    93.8   233.2   255.5   367.1   525.7   589.1   633.5   725.7  3331.0  3529.5  3750.0  7971.2  9489.2  80679.0    95000  1777035421260  1777035423467
read      908.6  1183.2    93.8   262.0   285.1   405.8   581.9   660.5   716.9  1452.8  3379.2  3581.3  3930.8  8004.3  9962.9  73648.3   105000  1777035424972  1777035427172
read      786.0  1115.6    93.8   216.3   237.4   360.0   493.0   544.8   583.7   651.6  3298.4  3500.7  3749.2  8034.5 10968.6  85100.5   115000  1777035428677  1777035430879
read      871.2  1166.0    86.8   244.4   267.8   391.1   557.1   619.6   668.9   807.1  3367.5  3564.1  3761.7  8022.3 10122.8  77002.5   125000  1777035432385  1777035434590
Warning! Detected max cpu usage > 95%
CPU Usage Stats (avg/min/max): 50.00%,0.00%,100.00%
