#type       avg     std     min      p5     p10     p50     p67     p75     p80     p85     p90     p95     p99    p999   p9999      QPS   target       ts_start         ts_end
read      223.4   174.1    86.8   152.5   164.2   210.0   230.0   242.7   252.7   266.0   283.0   312.0   393.6  1985.1  9140.9   5014.0     5000  1777035739392  1777035741650
read      242.8   108.3    86.8   144.9   163.0   235.4   263.4   277.7   289.4   302.6   319.2   348.7   427.1   927.7  6983.7  14899.0    15000  1777035743155  1777035745408
read      252.9    97.4    86.8   134.9   151.1   249.2   282.3   299.1   311.9   326.4   345.3   379.5   489.0   918.3  3630.6  24979.5    25000  1777035746913  1777035749113
read      262.9   116.3    80.4   130.7   145.9   257.0   297.1   317.1   332.2   349.4   373.4   418.2   564.3  1083.8  3870.0  35025.5    35000  1777035750618  1777035752818
read      254.5    98.3    74.4   125.2   138.9   251.1   296.5   318.4   333.9   351.0   372.9   409.2   500.3   680.4  2026.8  45328.2    45000  1777035754324  1777035756522
read      255.1   105.0    80.4   125.5   139.3   245.3   297.8   322.2   339.1   358.3   381.8   420.9   513.3   774.8  1886.6  54936.5    55000  1777035758026  1777035760226
read      253.4   109.3    74.4   122.0   135.7   238.7   294.5   321.2   340.1   362.0   389.8   432.2   534.4   749.7  2766.4  65114.0    65000  1777035761731  1777035763933
read      257.5   115.2    74.4   123.2   137.5   243.2   297.2   324.0   342.6   365.2   394.1   441.1   558.5   779.9  1059.8  74968.6    75000  1777035765438  1777035767636
read      261.5   143.2    80.4   124.6   139.3   244.4   297.1   324.1   343.5   367.4   398.6   449.6   581.7   894.6  3697.6  85184.0    85000  1777035769140  1777035771341
read      267.8   114.7    80.4   125.7   140.9   249.6   304.9   334.3   355.9   382.1   417.5   474.3   608.1   848.0  1393.5  95101.4    95000  1777035772846  1777035775051
read      291.0   122.4    74.4   135.3   153.9   273.1   325.9   356.9   380.5   410.2   451.5   515.5   674.6   878.7  1122.9 104892.5   105000  1777035776556  1777035778753
read      430.0   211.3    74.4   167.1   202.9   396.0   474.3   521.2   562.3   626.4   722.8   848.2  1024.6  1255.6  4510.8 115156.9   115000  1777035780258  1777035782459
read      518.6   197.0    93.8   292.9   327.3   459.7   536.7   629.7   700.0   760.2   821.2   895.1  1008.7  1231.6  3961.4 120482.4   125000  1777035783962  1777035786166
Warning! Detected max cpu usage > 95%
CPU Usage Stats (avg/min/max): 50.25%,0.51%,100.00%
