#type       avg     std     min      p5     p10     p50     p67     p75     p80     p85     p90     p95     p99    p999   p9999      QPS   target       ts_start         ts_end
read      227.7    81.0   101.3   150.4   163.3   216.2   240.1   256.5   268.2   282.4   302.3   338.2   424.0   560.4  3776.8   4888.0     5000  1777035929295  1777035931552
read      263.7    80.8    86.8   144.5   164.6   261.5   295.1   313.7   326.7   341.8   361.8   393.0   470.0   592.1  1616.3  15073.0    15000  1777035933057  1777035935295
read      279.8    98.3    80.4   134.2   153.0   277.8   322.0   345.4   362.0   380.4   402.9   439.9   522.7   703.8  1337.4  24754.5    25000  1777035936800  1777035938999
read      290.0   119.5    80.4   127.8   144.5   282.7   336.7   365.4   385.7   408.1   436.9   485.9   607.5   939.1  1815.2  35063.7    35000  1777035940505  1777035942710
read      298.6   145.6    74.4   124.1   140.7   285.3   349.8   383.2   406.0   432.6   466.0   519.7   638.6  1255.2  3164.1  44891.7    45000  1777035944215  1777035946414
read      319.0   155.7    74.4   124.3   141.9   297.5   373.6   416.0   444.8   477.0   518.7   583.6   759.0  1046.7  2103.6  54747.9    55000  1777035947920  1777035950120
read      370.5   365.6    74.4   125.6   143.2   303.3   403.6   460.1   499.2   542.8   602.3   727.8  1283.4  5271.7  7822.4  64913.9    65000  1777035951625  1777035953826
read      348.3   232.2    74.4   123.6   139.8   283.4   397.7   459.4   501.1   549.2   624.2   754.0  1120.6  1775.7  4397.2  75044.1    75000  1777035955330  1777035957533
read      869.8  1744.4    80.4   152.5   172.1   283.1   333.0   366.1   395.7   450.9  2962.1  6105.0  7392.0  9267.6 11855.7  77506.0    85000  1777035959038  1777035961239
read      884.4  1810.5    74.4   154.2   173.1   285.7   332.9   362.5   388.4   430.0  3028.8  6197.9  7483.1  9422.8 13235.2  77273.0    95000  1777035962744  1777035964946
read      875.8  1799.0    68.9   155.1   174.0   279.5   332.7   365.0   391.8   431.8  2967.2  6194.6  7499.0  9155.6 10975.8  78066.7   105000  1777035966450  1777035968651
read      841.5  1738.4    68.9   148.7   167.5   275.3   314.5   339.5   362.1   400.1  2792.9  6116.5  7375.1  9364.8 11689.9  81024.5   115000  1777035970155  1777035972355
read      872.5  1778.7    80.4   152.9   173.5   281.2   326.9   357.7   385.6   432.9  2921.7  6162.1  7626.4  9142.4 10170.7  78419.4   125000  1777035973860  1777035976059
Warning! Detected max cpu usage > 95%
CPU Usage Stats (avg/min/max): 51.00%,2.00%,100.00%
