#type       avg     std     min      p5     p10     p50     p67     p75     p80     p85     p90     p95     p99    p999   p9999      QPS   target       ts_start         ts_end
read      225.2    73.6   101.3   156.3   167.1   215.1   237.2   250.9   261.4   273.8   292.9   326.8   389.1   562.0  3233.3   4978.5     5000  1777036187445  1777036189699
read      238.8    73.2    80.4   143.9   161.7   233.5   261.2   275.3   286.7   298.6   316.3   344.1   411.9   547.5  2993.9  14975.5    15000  1777036191204  1777036193443
read      251.4    81.0    80.4   134.2   149.9   250.4   283.8   300.9   313.4   328.0   346.3   375.4   453.2   618.3  1317.8  25003.2    25000  1777036194948  1777036197147
read      259.6   112.1    80.4   130.3   144.8   256.3   296.1   316.5   331.2   347.1   370.4   405.3   499.7  1050.2  4455.9  35001.9    35000  1777036198651  1777036200850
read      261.6   107.6    80.4   126.2   140.3   253.6   299.8   323.9   341.9   364.0   392.3   436.3   543.0   803.2  2160.1  44872.0    45000  1777036202355  1777036204555
read      273.7   123.4    74.4   124.1   138.3   258.4   312.1   340.9   363.4   390.4   426.6   487.5   655.6  1048.8  1352.0  54982.0    55000  1777036206059  1777036208258
read      277.4   143.6    80.4   124.3   138.6   257.8   312.4   344.5   369.6   400.8   443.2   508.3   675.9  1081.0  3636.3  64788.0    65000  1777036209762  1777036211962
read      276.4   137.3    80.4   122.1   136.1   251.4   309.2   341.5   367.9   403.4   456.4   535.1   739.9  1047.3  1497.3  74986.1    75000  1777036213466  1777036215664
read      275.2   163.2    74.4   120.9   133.9   235.4   296.0   332.9   365.5   412.9   478.4   578.0   790.3  1066.3  4288.5  85074.5    85000  1777036217168  1777036219371
read      310.9   205.7    74.4   126.8   141.8   255.7   315.3   355.5   396.5   464.0   562.7   748.9  1054.1  1702.8  2528.5  94905.5    95000  1777036220875  1777036223076
read      370.6   359.9    74.4   134.6   152.8   271.8   335.8   383.6   430.1   506.4   679.4  1004.2  1983.2  3106.2  7747.3 104997.7   105000  1777036224581  1777036226780
read      545.5   792.7    80.4   175.7   203.0   333.0   409.5   460.5   499.6   549.2   639.4  2755.7  3699.2  7743.1  9368.4 113343.1   115000  1777036228285  1777036230487
read      554.9   793.0    74.4   178.3   205.6   343.2   417.7   469.3   514.6   580.0   697.3  2692.1  3738.8  7719.9 10046.6 116246.3   125000  1777036231991  1777036234192
Warning! Detected max cpu usage > 95%
CPU Usage Stats (avg/min/max): 51.51%,3.02%,100.00%
