#type       avg     std     min      p5     p10     p50     p67     p75     p80     p85     p90     p95     p99    p999   p9999      QPS   target       ts_start         ts_end
read      225.7    85.3    86.8   152.7   164.8   214.0   236.0   251.1   262.5   275.3   296.0   331.7   400.7   835.6  3918.2   5086.0     5000  1777035613335  1777035615596
read      239.8   106.1    86.8   145.2   162.5   231.5   258.4   273.5   285.0   297.1   316.0   348.2   424.6   905.5  3781.3  14813.5    15000  1777035617101  1777035619352
read      248.3    90.5    86.8   134.1   149.9   244.3   276.9   293.6   306.2   320.0   341.0   373.8   462.5   936.7  2641.8  25194.0    25000  1777035620857  1777035623056
read      254.2   103.0    80.4   129.8   143.7   253.9   291.9   310.7   323.5   339.8   360.8   394.9   475.3   654.3  4574.5  34927.8    35000  1777035624560  1777035626757
read      255.4   105.3    80.4   124.9   139.2   250.7   296.1   318.1   333.9   351.6   374.2   414.2   512.1   851.9  2199.7  45007.0    45000  1777035628262  1777035630463
read      258.0   128.2    74.4   123.6   137.5   249.2   301.1   325.6   342.6   362.5   386.8   424.5   518.1   890.2  3938.6  54836.4    55000  1777035631967  1777035634171
read      258.5   115.2    80.4   123.6   137.6   243.1   298.1   324.7   343.4   365.4   394.0   441.3   575.2   910.8  2567.0  64910.5    65000  1777035635675  1777035637877
read      264.5   116.7    74.4   123.8   139.0   251.2   303.9   330.4   349.1   371.4   401.7   456.2   601.4   927.4  2730.0  75004.9    75000  1777035639382  1777035641591
read      260.2   137.1    74.4   124.1   138.5   241.7   294.4   322.1   342.6   367.3   399.6   454.8   593.1   934.1  3778.3  84726.0    85000  1777035643095  1777035645296
read      265.4   117.3    74.4   126.7   141.5   246.6   299.9   328.9   350.0   376.1   410.9   467.6   606.8   883.7  2182.6  94727.4    95000  1777035646800  1777035649001
read      277.9   127.0    74.4   132.1   148.8   260.0   312.1   341.1   363.3   390.5   427.2   487.7   630.4   890.2  3241.7 104814.9   105000  1777035650506  1777035652708
read      445.7   273.1    80.4   152.0   179.8   393.8   505.2   562.1   608.4   673.5   791.3   983.9  1219.9  1541.2  7241.1 108730.3   115000  1777035654213  1777035656414
read      476.1   207.5    80.4   230.7   273.4   431.3   505.5   573.5   633.1   698.8   765.7   846.0   981.4  1259.5  6285.0 123397.6   125000  1777035657919  1777035660123
Warning! Detected max cpu usage > 95%
CPU Usage Stats (avg/min/max): 50.75%,1.50%,100.00%
