#type       avg     std     min      p5     p10     p50     p67     p75     p80     p85     p90     p95     p99    p999   p9999      QPS   target       ts_start         ts_end
read      230.5    71.8   101.3   157.0   168.8   220.8   243.7   258.3   269.1   282.9   302.1   333.4   402.4   587.3  3114.7   4908.5     5000  1777035329537  1777035331795
read      259.5   117.0    86.8   144.9   163.5   253.5   286.7   304.1   316.7   332.8   352.9   385.8   480.6   944.3  4398.7  14960.5    15000  1777035333301  1777035335545
read      265.6    98.9    80.4   131.8   148.4   262.6   305.6   327.3   342.5   360.2   381.5   415.9   491.4   606.3  2383.8  24788.5    25000  1777035337050  1777035339249
read      275.9   113.1    80.4   123.5   138.9   268.3   320.8   348.9   368.5   391.5   419.8   462.3   555.9   730.4  2298.2  34840.9    35000  1777035340754  1777035342952
read      298.3   143.4    74.4   124.0   139.4   283.6   346.7   383.4   408.3   436.4   471.5   529.7   685.8   974.0  2689.4  44949.0    45000  1777035344456  1777035346656
read      310.4   167.6    80.4   124.0   139.1   278.7   358.0   404.2   437.2   475.4   523.8   597.0   790.9  1033.6  5205.3  55354.5    55000  1777035348161  1777035350360
read      333.0   226.8    74.4   126.4   141.8   275.2   370.7   435.9   480.5   528.6   588.2   699.2   935.9  2508.1  6456.1  65051.9    65000  1777035351865  1777035354069
read      390.1   319.0    74.4   133.8   152.2   286.1   394.6   487.8   554.1   634.4   750.5   939.2  1627.1  2709.0  7581.8  74709.4    75000  1777035355573  1777035357772
read      858.6  1151.8    93.8   224.0   252.3   409.2   535.7   616.3   693.6  1166.3  3286.3  3511.1  3919.5  8073.8 14575.8  76712.0    85000  1777035359277  1777035361481
read      866.2  1168.1    86.8   241.7   265.1   391.3   546.5   614.0   667.2   804.2  3352.4  3559.6  3851.0  8018.3 10054.8  77405.2    95000  1777035362986  1777035365185
read      870.6  1170.5    93.8   251.0   272.1   382.1   563.0   625.8   673.1   799.7  3359.4  3560.6  3767.5  8023.3 13811.3  76999.6   105000  1777035366690  1777035368892
read      830.5  1142.7    93.8   231.8   253.9   372.2   528.1   585.8   630.5   728.5  3337.2  3543.2  3758.6  8001.0 10026.8  80843.3   115000  1777035370397  1777035372597
read      860.7  1162.8   101.3   243.8   266.5   383.0   549.9   613.0   660.5   774.7  3353.9  3555.7  3766.6  8008.4  9634.0  77976.3   125000  1777035374101  1777035376302
Warning! Detected max cpu usage > 95%
CPU Usage Stats (avg/min/max): 51.00%,2.00%,100.00%
