#type       avg     std     min      p5     p10     p50     p67     p75     p80     p85     p90     p95     p99    p999   p9999      QPS   target       ts_start         ts_end
read      237.5    82.3   101.3   163.3   176.0   228.6   250.9   265.3   275.4   289.6   307.4   337.4   410.0   684.5  5988.8   4934.5     5000  1777035675248  1777035677508
read      246.0    70.6    80.4   150.3   168.4   240.5   269.3   284.7   295.1   308.9   325.7   355.3   425.6   569.1  1060.6  14883.5    15000  1777035679013  1777035681255
read      247.6    87.2    80.4   133.6   149.5   246.2   279.1   295.5   307.9   320.7   339.1   366.3   430.3   628.8  3770.8  24961.0    25000  1777035682759  1777035684963
read      249.7   127.2    80.4   128.2   142.1   248.0   287.7   306.9   319.8   336.0   355.4   384.6   445.6   551.9  6466.3  34950.0    35000  1777035686467  1777035688663
read      250.5   112.7    80.4   124.3   137.8   247.3   292.5   313.0   327.3   343.4   364.6   396.7   487.3   701.9  5292.7  45026.5    45000  1777035690168  1777035692367
read      261.8   111.7    74.4   124.6   138.9   253.4   303.9   327.8   344.5   365.1   391.8   434.4   557.7  1052.4  2145.3  55009.0    55000  1777035693872  1777035696076
read      257.8   107.6    74.4   124.1   138.2   246.1   300.1   325.7   343.5   364.8   392.0   434.7   540.2   757.0  1748.2  64857.2    65000  1777035697581  1777035699786
read      256.5   134.1    74.4   122.1   136.1   240.2   294.4   320.6   339.7   362.5   391.9   437.9   552.9   883.2  3576.6  75389.5    75000  1777035701291  1777035703494
read      256.5   106.7    74.4   123.7   138.2   239.5   293.0   320.7   340.8   364.9   396.3   446.6   566.4   780.3  1277.4  85321.4    85000  1777035704998  1777035707201
read      274.5   128.4    74.4   129.0   144.9   258.2   310.6   338.9   360.0   385.6   420.6   479.2   624.4   930.3  3500.1  94662.6    95000  1777035708705  1777035710906
read      293.8   129.5    74.4   137.7   156.4   276.9   328.9   359.0   381.8   409.8   449.5   510.9   671.4   950.1  2895.8 104683.9   105000  1777035712410  1777035714609
read      369.0   202.3    80.4   145.9   170.2   330.8   410.8   455.7   489.0   534.2   614.7   766.1   968.3  1173.8  4350.6 115021.8   115000  1777035716114  1777035718315
read      486.9   221.1    86.8   236.9   279.9   438.4   517.3   585.6   646.1   712.9   781.2   861.6  1007.8  1340.2  7114.1 121468.8   125000  1777035719820  1777035722022
Warning! Detected max cpu usage > 95%
CPU Usage Stats (avg/min/max): 50.75%,1.51%,100.00%
