#type       avg     std     min      p5     p10     p50     p67     p75     p80     p85     p90     p95     p99    p999   p9999      QPS   target       ts_start         ts_end
read      229.1   114.1    93.8   153.5   166.0   217.7   241.0   255.7   267.6   281.1   298.0   330.2   397.3   638.5  4396.1   5038.0     5000  1777035990967  1777035993223
read      261.0    82.7    86.8   145.4   163.9   256.4   292.2   310.8   323.5   339.3   360.2   394.1   469.4   612.0  1558.8  14849.0    15000  1777035994727  1777035996973
read      275.4   154.9    80.4   133.4   150.8   268.9   314.3   337.4   353.3   371.2   395.3   430.8   509.0  1613.7  7535.2  25039.5    25000  1777035998477  1777036000677
read      285.0   132.9    80.4   127.5   143.8   276.6   331.0   359.6   379.2   401.6   430.3   473.0   574.1   807.8  4234.5  34996.3    35000  1777036002181  1777036004383
read      298.3   130.5    80.4   125.9   142.1   285.3   350.5   384.6   407.7   435.4   469.8   522.8   639.8   840.1  1279.9  45191.0    45000  1777036005888  1777036008093
read      306.8   154.2    80.4   121.7   137.2   283.2   361.8   402.7   432.2   465.0   505.5   568.3   726.1   978.1  2046.1  54715.4    55000  1777036009597  1777036011799
read      352.1   218.1    74.4   124.8   142.2   303.4   403.3   460.0   499.2   543.3   602.3   718.8  1045.9  2064.8  3145.0  65024.5    65000  1777036013305  1777036015510
read      659.8  1043.3    74.4   136.6   155.7   275.2   369.3   497.8   737.7  1061.2  1730.8  2894.6  5381.5  7952.0  9714.0  74673.0    75000  1777036017015  1777036019215
read      898.7  1797.0    80.4   157.3   178.2   286.9   340.4   377.0   412.1   469.8  3116.7  6160.8  7613.6  9304.1 10809.0  75437.4    85000  1777036020720  1777036022920
read      876.9  1803.5    80.4   152.3   171.5   281.4   329.4   360.3   386.2   427.9  3021.2  6191.3  7577.1  9300.1 11130.6  78056.3    95000  1777036024424  1777036026626
read      823.7  1729.1    74.4   144.2   163.5   268.8   303.9   326.5   345.6   382.5  2666.7  6083.8  7436.3  9430.9 14707.6  83042.5   105000  1777036028131  1777036030332
read      911.1  1843.2    86.8   160.4   179.7   289.5   346.0   382.0   411.1   455.9  3413.2  6231.1  7363.0  9407.1 12400.4  75019.7   115000  1777036031837  1777036034037
read      875.0  1793.2    80.4   152.4   170.7   285.6   329.0   355.8   378.8   420.1  2925.7  6189.4  7492.7  9170.6 11264.2  78531.4   125000  1777036035542  1777036037742
Warning! Detected max cpu usage > 95%
CPU Usage Stats (avg/min/max): 50.25%,0.50%,100.00%
