#type       avg     std     min      p5     p10     p50     p67     p75     p80     p85     p90     p95     p99    p999   p9999      QPS   target       ts_start         ts_end
read      231.2   111.8   109.4   157.6   169.0   219.1   241.2   255.2   266.2   278.2   295.5   326.6   414.1  1984.3  3490.4   5022.0     5000  1777034852749  1777034855009
read      256.4   100.7    86.8   144.7   163.7   250.5   282.9   300.0   312.8   327.6   346.1   381.0   467.9   709.0  4396.0  15020.0    15000  1777034856513  1777034858748
read      272.6    96.3    86.8   136.1   152.9   270.5   311.7   333.1   347.7   366.3   390.1   427.1   513.4   783.9  1886.0  24997.5    25000  1777034860254  1777034862454
read      286.9   132.6    80.4   133.8   150.8   278.5   329.7   356.6   375.2   398.1   426.8   469.5   578.3  1105.0  2981.5  34816.5    35000  1777034863959  1777034866159
read      294.1   131.7    80.4   131.7   148.8   280.2   338.7   371.4   395.0   422.4   457.0   508.3   623.5   798.3  3112.1  45046.0    45000  1777034867664  1777034869879
read      300.4   132.0    80.4   131.0   149.3   282.0   343.5   379.6   405.6   435.8   474.6   533.8   668.2   870.3  1946.7  54939.0    55000  1777034871384  1777034873584
read      324.4   143.7    74.4   138.5   159.6   301.9   368.9   409.0   438.2   473.0   516.8   585.0   746.7  1004.2  1377.7  64984.9    65000  1777034875089  1777034877290
read      550.5   339.2    80.4   170.0   208.3   495.1   682.1   734.3   765.9   798.2   852.8  1214.5  1559.5  1878.5  7413.3  74565.3    75000  1777034878793  1777034880996
read      949.9   389.7   173.5   709.8   750.0   853.0   897.5   924.3   941.1  1006.2  1520.0  1674.3  1851.8  7176.4  9188.1  69542.0    85000  1777034882500  1777034884704
read      887.1   400.4   148.8   646.8   679.2   786.0   831.4   860.5   892.8  1031.1  1426.7  1554.1  1723.9  7223.0  9846.2  74457.5    95000  1777034886208  1777034888407
read      860.2   360.4   127.6   621.5   657.5   763.9   801.3   836.0   865.6  1122.8  1397.9  1509.5  1651.6  7083.9  8044.6  76466.0   105000  1777034889911  1777034892118
read      822.2   344.6   173.5   590.2   618.1   729.6   776.4   803.2   845.7  1105.0  1321.2  1443.0  1598.8  6990.6  7966.8  80014.0   115000  1777034893622  1777034895820
read      869.6   411.5   202.4   623.7   659.9   768.4   806.1   845.1   872.0  1123.7  1404.0  1520.0  1691.3  7178.1 14348.7  75978.7   125000  1777034897325  1777034899530
Warning! Detected max cpu usage > 95%
CPU Usage Stats (avg/min/max): 50.50%,1.00%,100.00%
